1, 6
6, 1
4, 7
7, 4
6, 8
8, 6
6, 9
9, 6
7, 10
10, 7
11, 16
16, 11
12, 14
14, 12
13, 15
15, 13
14, 17
17, 14
15, 18
18, 15
17, 20
20, 17
18, 19
19, 18
21, 23
23, 21
27, 28
28, 27
28, 29
29, 28
29, 30
30, 29
32, 34
34, 32
33, 34
34, 33
33, 36
36, 33
34, 37
37, 34
36, 38
38, 36
37, 40
40, 37
38, 39
39, 38
41, 44
44, 41
41, 46
46, 41
43, 45
45, 43
44, 48
48, 44
46, 47
47, 46
47, 50
50, 47
48, 50
50, 48
51, 54
54, 51
52, 53
53, 52
53, 56
56, 53
56, 57
57, 56
57, 58
58, 57
58, 59
59, 58
61, 65
65, 61
63, 66
66, 63
65, 67
67, 65
67, 69
69, 67
68, 70
70, 68
71, 74
74, 71
72, 75
75, 72
73, 74
74, 73
75, 78
78, 75
76, 77
77, 76
77, 80
80, 77
78, 79
79, 78
81, 86
86, 81
84, 85
85, 84
85, 87
87, 85
86, 88
88, 86
87, 90
90, 87
88, 89
89, 88
91, 94
94, 91
92, 93
93, 92
95, 96
96, 95
99, 100
100, 99
102, 104
104, 102
103, 105
105, 103
104, 106
106, 104
105, 107
107, 105
106, 108
108, 106
109, 110
110, 109
112, 115
115, 112
113, 117
117, 113
114, 116
116, 114
114, 118
118, 114
116, 119
119, 116
121, 124
124, 121
122, 123
123, 122
123, 125
125, 123
126, 127
127, 126
127, 128
128, 127
128, 129
129, 128
129, 130
130, 129
131, 135
135, 131
132, 136
136, 132
133, 134
134, 133
134, 139
139, 134
135, 137
137, 135
138, 140
140, 138
143, 144
144, 143
144, 145
145, 144
147, 148
148, 147
148, 149
149, 148
149, 150
150, 149
152, 155
155, 152
154, 155
155, 154
154, 157
157, 154
157, 158
158, 157
159, 160
160, 159
164, 167
167, 164
165, 168
168, 165
169, 170
170, 169
172, 175
175, 172
174, 176
176, 174
176, 179
179, 176
178, 180
180, 178
182, 185
185, 182
183, 184
184, 183
184, 186
186, 184
186, 187
187, 186
187, 188
188, 187
188, 189
189, 188
193, 195
195, 193
194, 196
196, 194
195, 196
196, 195
196, 197
197, 196
197, 198
198, 197
198, 199
199, 198
199, 200
200, 199
201, 204
204, 201
203, 205
205, 203
204, 208
208, 204
205, 207
207, 205
208, 210
210, 208
211, 214
214, 211
211, 216
216, 211
213, 214
214, 213
215, 218
218, 215
218, 220
220, 218
222, 223
223, 222
222, 224
224, 222
223, 226
226, 223
224, 225
225, 224
224, 226
226, 224
225, 228
228, 225
227, 230
230, 227
228, 229
229, 228
232, 235
235, 232
233, 237
237, 233
234, 236
236, 234
235, 239
239, 235
236, 240
240, 236
237, 238
238, 237
241, 245
245, 241
242, 244
244, 242
244, 247
247, 244
245, 246
246, 245
246, 248
248, 246
247, 249
249, 247
249, 250
250, 249
251, 256
256, 251
252, 254
254, 252
253, 255
255, 253
254, 259
259, 254
255, 257
257, 255
255, 258
258, 255
256, 257
257, 256
259, 260
260, 259
263, 266
266, 263
264, 265
265, 264
265, 270
270, 265
267, 268
268, 267
273, 274
274, 273
275, 276
276, 275
276, 277
277, 276
277, 278
278, 277
278, 279
279, 278
283, 284
284, 283
284, 285
285, 284
285, 286
286, 285
286, 287
287, 286
287, 288
288, 287
294, 295
295, 294
295, 299
299, 295
299, 300
300, 299
301, 306
306, 301
302, 305
305, 302
303, 307
307, 303
304, 305
305, 304
305, 310
310, 305
306, 308
308, 306
307, 309
309, 307
311, 314
314, 311
312, 316
316, 312
313, 315
315, 313
314, 317
317, 314
315, 318
318, 315
315, 319
319, 315
316, 318
318, 316
319, 320
320, 319
321, 327
327, 321
323, 326
326, 323
324, 325
325, 324
325, 329
329, 325
326, 330
330, 326
327, 328
328, 327
333, 336
336, 333
334, 335
335, 334
335, 338
338, 335
336, 337
337, 336
337, 339
339, 337
338, 340
340, 338
343, 346
346, 343
344, 345
345, 344
345, 348
348, 345
345, 349
349, 345
347, 348
348, 347
348, 350
350, 348
352, 355
355, 352
353, 356
356, 353
358, 360
360, 358
362, 367
367, 362
363, 368
368, 363
364, 366
366, 364
365, 369
369, 365
368, 369
369, 368
372, 374
374, 372
373, 377
377, 373
374, 377
377, 374
374, 378
378, 374
375, 376
376, 375
376, 379
379, 376
377, 380
380, 377
383, 384
384, 383
384, 386
386, 384
386, 389
389, 386
389, 390
390, 389
391, 395
395, 391
392, 395
395, 392
393, 396
396, 393
394, 399
399, 394
401, 404
404, 401
402, 403
403, 402
403, 406
406, 403
404, 405
405, 404
405, 407
407, 405
407, 409
409, 407
408, 410
410, 408
412, 415
415, 412
413, 414
414, 413
414, 416
416, 414
418, 420
420, 418
422, 425
425, 422
423, 426
426, 423
424, 427
427, 424
426, 428
428, 426
428, 430
430, 428
433, 435
435, 433
435, 436
436, 435
438, 440
440, 438
441, 444
444, 441
442, 445
445, 442
443, 446
446, 443
445, 447
447, 445
446, 448
448, 446
447, 450
450, 447
448, 449
449, 448
452, 454
454, 452
453, 455
455, 453
454, 457
457, 454
455, 456
456, 455
456, 459
459, 456
457, 458
458, 457
458, 460
460, 458
459, 460
460, 459
463, 466
466, 463
464, 466
466, 464
464, 467
467, 464
465, 469
469, 465
466, 469
469, 466
466, 470
470, 466
467, 468
468, 467
471, 473
473, 471
472, 475
475, 472
473, 476
476, 473
474, 475
475, 474
475, 477
477, 475
476, 478
478, 476
479, 480
480, 479
483, 486
486, 483
484, 485
485, 484
485, 490
490, 485
487, 489
489, 487
491, 494
494, 491
492, 494
494, 492
492, 496
496, 492
493, 495
495, 493
494, 498
498, 494
496, 497
497, 496
497, 500
500, 497
498, 500
500, 498
501, 506
506, 501
503, 505
505, 503
504, 507
507, 504
506, 509
509, 506
507, 508
508, 507
511, 515
515, 511
512, 516
516, 512
513, 514
514, 513
514, 518
518, 514
516, 517
517, 516
521, 524
524, 521
522, 525
525, 522
524, 526
526, 524
525, 527
527, 525
526, 529
529, 526
527, 528
528, 527
529, 530
530, 529
531, 534
534, 531
532, 535
535, 532
533, 535
535, 533
534, 536
536, 534
536, 538
538, 536
537, 539
539, 537
538, 540
540, 538
542, 545
545, 542
543, 544
544, 543
544, 547
547, 544
545, 546
546, 545
546, 548
548, 546
547, 549
549, 547
548, 550
550, 548
551, 556
556, 551
551, 557
557, 551
554, 555
555, 554
555, 558
558, 555
557, 558
558, 557
557, 559
559, 557
558, 560
560, 558
559, 560
560, 559
561, 565
565, 561
564, 568
568, 564
565, 570
570, 565
567, 569
569, 567
571, 576
576, 571
572, 574
574, 572
573, 575
575, 573
574, 578
578, 574
575, 577
577, 575
577, 580
580, 577
581, 584
584, 581
583, 585
585, 583
584, 586
586, 584
585, 589
589, 585
586, 590
590, 586
591, 594
594, 591
593, 595
595, 593
594, 597
597, 594
595, 596
596, 595
596, 599
599, 596
597, 598
598, 597
598, 600
600, 598
602, 604
604, 602
602, 605
605, 602
603, 604
604, 603
604, 606
606, 604
605, 607
607, 605
606, 608
608, 606
607, 609
609, 607
609, 610
610, 609
611, 616
616, 611
612, 616
616, 612
612, 618
618, 612
616, 619
619, 616
618, 620
620, 618
621, 627
627, 621
621, 628
628, 621
622, 627
627, 622
623, 625
625, 623
624, 625
625, 624
624, 626
626, 624
626, 629
629, 626
627, 630
630, 627
631, 635
635, 631
635, 636
636, 635
638, 639
639, 638
639, 640
640, 639
641, 645
645, 641
643, 646
646, 643
644, 647
647, 644
647, 650
650, 647
651, 655
655, 651
653, 654
654, 653
654, 657
657, 654
657, 659
659, 657
661, 666
666, 661
662, 665
665, 662
663, 667
667, 663
664, 667
667, 664
665, 669
669, 665
666, 668
668, 666
667, 670
670, 667
671, 674
674, 671
673, 676
676, 673
676, 679
679, 676
679, 680
680, 679
682, 686
686, 682
683, 685
685, 683
684, 687
687, 684
685, 690
690, 685
686, 688
688, 686
687, 688
688, 687
687, 689
689, 687
693, 697
697, 693
693, 698
698, 693
694, 695
695, 694
695, 700
700, 695
702, 705
705, 702
704, 706
706, 704
705, 707
707, 705
706, 708
708, 706
707, 709
709, 707
711, 715
715, 711
713, 715
715, 713
714, 716
716, 714
716, 718
718, 716
717, 719
719, 717
718, 720
720, 718
721, 727
727, 721
723, 726
726, 723
724, 725
725, 724
725, 729
729, 725
726, 728
728, 726
726, 730
730, 726
727, 728
728, 727
732, 737
737, 732
735, 736
736, 735
736, 738
738, 736
737, 739
739, 737
739, 740
740, 739
741, 746
746, 741
743, 747
747, 743
744, 746
746, 744
746, 749
749, 746
747, 748
748, 747
747, 750
750, 747
752, 755
755, 752
753, 757
757, 753
754, 756
756, 754
755, 760
760, 755
756, 759
759, 756
757, 758
758, 757
762, 765
765, 762
763, 764
764, 763
764, 768
768, 764
765, 767
767, 765
766, 769
769, 766
768, 770
770, 768
772, 775
775, 772
773, 774
774, 773
774, 776
776, 774
776, 777
777, 776
777, 778
778, 777
778, 779
779, 778
779, 780
780, 779
782, 785
785, 782
785, 786
786, 785
786, 788
788, 786
787, 789
789, 787
789, 790
790, 789
791, 795
795, 791
792, 794
794, 792
793, 794
794, 793
795, 796
796, 795
797, 798
798, 797
802, 806
806, 802
803, 804
804, 803
804, 808
808, 804
806, 807
807, 806
807, 809
809, 807
807, 810
810, 807
808, 809
809, 808
811, 815
815, 811
812, 816
816, 812
813, 814
814, 813
814, 818
818, 814
815, 819
819, 815
816, 817
817, 816
818, 820
820, 818
823, 824
824, 823
824, 826
826, 824
828, 829
829, 828
832, 834
834, 832
834, 836
836, 834
834, 837
837, 834
835, 836
836, 835
837, 838
838, 837
838, 839
839, 838
841, 844
844, 841
843, 844
844, 843
843, 846
846, 843
844, 847
847, 844
846, 847
847, 846
847, 849
849, 847
852, 857
857, 852
854, 856
856, 854
856, 858
858, 856
857, 859
859, 857
861, 865
865, 861
862, 864
864, 862
863, 865
865, 863
864, 868
868, 864
865, 867
867, 865
866, 867
867, 866
867, 870
870, 867
868, 869
869, 868
872, 874
874, 872
874, 875
875, 874
875, 876
876, 875
876, 877
877, 876
877, 878
878, 877
878, 879
879, 878
881, 885
885, 881
883, 884
884, 883
884, 887
887, 884
887, 888
888, 887
891, 895
895, 891
892, 894
894, 892
894, 896
896, 894
895, 897
897, 895
896, 898
898, 896
897, 899
899, 897
898, 900
900, 898
899, 900
900, 899
901, 905
905, 901
902, 906
906, 902
906, 907
907, 906
907, 908
908, 907
908, 909
909, 908
912, 915
915, 912
913, 916
916, 913
914, 915
915, 914
915, 919
919, 915
918, 920
920, 918
921, 926
926, 921
922, 927
927, 922
924, 925
925, 924
925, 929
929, 925
926, 930
930, 926
927, 928
928, 927
931, 934
934, 931
934, 937
937, 934
936, 939
939, 936
939, 940
940, 939
943, 945
945, 943
944, 947
947, 944
945, 949
949, 945
946, 950
950, 946
947, 948
948, 947
951, 953
953, 951
952, 955
955, 952
952, 956
956, 952
953, 957
957, 953
954, 955
955, 954
955, 960
960, 955
956, 958
958, 956
958, 959
959, 958
962, 965
965, 962
963, 964
964, 963
965, 966
966, 965
966, 967
967, 966
968, 969
969, 968
969, 970
970, 969
972, 975
975, 972
973, 976
976, 973
975, 977
977, 975
976, 978
978, 976
978, 979
979, 978
979, 980
980, 979
981, 986
986, 981
982, 985
985, 982
982, 987
987, 982
983, 986
986, 983
985, 988
988, 985
987, 989
989, 987
991, 994
994, 991
993, 996
996, 993
994, 998
998, 994
996, 997
997, 996
1001, 1005
1005, 1001
1005, 1006
1006, 1005
1006, 1009
1009, 1006
1009, 1010
1010, 1009
1012, 1014
1014, 1012
1015, 1016
1016, 1015
1016, 1018
1018, 1016
1017, 1019
1019, 1017
1018, 1020
1020, 1018
1021, 1024
1024, 1021
1022, 1025
1025, 1022
1023, 1025
1025, 1023
1023, 1026
1026, 1023
1024, 1028
1028, 1024
1025, 1029
1029, 1025
1026, 1027
1027, 1026
1029, 1030
1030, 1029
1031, 1037
1037, 1031
1032, 1035
1035, 1032
1035, 1039
1039, 1035
1036, 1040
1040, 1036
1041, 1044
1044, 1041
1043, 1046
1046, 1043
1044, 1045
1045, 1044
1045, 1047
1047, 1045
1046, 1048
1048, 1046
1047, 1049
1049, 1047
1048, 1050
1050, 1048
1051, 1055
1055, 1051
1052, 1054
1054, 1052
1053, 1054
1054, 1053
1053, 1056
1056, 1053
1054, 1057
1057, 1054
1055, 1058
1058, 1055
1056, 1059
1059, 1056
1058, 1060
1060, 1058
1059, 1060
1060, 1059
1062, 1066
1066, 1062
1063, 1065
1065, 1063
1064, 1067
1067, 1064
1066, 1068
1068, 1066
1067, 1069
1069, 1067
1069, 1070
1070, 1069
1072, 1074
1074, 1072
1073, 1074
1074, 1073
1073, 1075
1075, 1073
1074, 1076
1076, 1074
1075, 1076
1076, 1075
1075, 1077
1077, 1075
1077, 1078
1078, 1077
1078, 1079
1079, 1078
1079, 1080
1080, 1079
1081, 1086
1086, 1081
1083, 1085
1085, 1083
1084, 1087
1087, 1084
1086, 1088
1088, 1086
1087, 1089
1089, 1087
1091, 1096
1096, 1091
1096, 1097
1097, 1096
1098, 1099
1099, 1098
1099, 1100
1100, 1099
1101, 1104
1104, 1101
1102, 1105
1105, 1102
1104, 1106
1106, 1104
1104, 1107
1107, 1104
1105, 1106
1106, 1105
1111, 1114
1114, 1111
1112, 1115
1115, 1112
1113, 1115
1115, 1113
1113, 1116
1116, 1113
1114, 1117
1117, 1114
1116, 1118
1118, 1116
1118, 1119
1119, 1118
1119, 1120
1120, 1119
1121, 1124
1124, 1121
1122, 1125
1125, 1122
1124, 1126
1126, 1124
1124, 1127
1127, 1124
1125, 1127
1127, 1125
1126, 1128
1128, 1126
1129, 1130
1130, 1129
1132, 1134
1134, 1132
1134, 1136
1136, 1134
1136, 1137
1137, 1136
1137, 1138
1138, 1137
1139, 1140
1140, 1139
1141, 1145
1145, 1141
1145, 1149
1149, 1145
1147, 1150
1150, 1147
1151, 1156
1156, 1151
1154, 1155
1155, 1154
1155, 1160
1160, 1155
1157, 1158
1158, 1157
1161, 1164
1164, 1161
1162, 1166
1166, 1162
1163, 1165
1165, 1163
1165, 1168
1168, 1165
1171, 1177
1177, 1171
1172, 1174
1174, 1172
1173, 1174
1174, 1173
1175, 1176
1176, 1175
1176, 1179
1179, 1176
1177, 1178
1178, 1177
1179, 1180
1180, 1179
1181, 1183
1183, 1181
1183, 1185
1185, 1183
1183, 1186
1186, 1183
1184, 1185
1185, 1184
1185, 1187
1187, 1185
1186, 1188
1188, 1186
1187, 1189
1189, 1187
1188, 1190
1190, 1188
1191, 1194
1194, 1191
1192, 1197
1197, 1192
1193, 1198
1198, 1193
1194, 1200
1200, 1194
1195, 1196
1196, 1195
1196, 1199
1199, 1196
1201, 1205
1205, 1201
1203, 1205
1205, 1203
1203, 1207
1207, 1203
1205, 1209
1209, 1205
1212, 1214
1214, 1212
1213, 1215
1215, 1213
1214, 1216
1216, 1214
1216, 1217
1217, 1216
1219, 1220
1220, 1219
1221, 1224
1224, 1221
1222, 1226
1226, 1222
1223, 1225
1225, 1223
1224, 1227
1227, 1224
1225, 1228
1228, 1225
1226, 1227
1227, 1226
1229, 1230
1230, 1229
1231, 1234
1234, 1231
1232, 1233
1233, 1232
1234, 1236
1236, 1234
1236, 1237
1237, 1236
1237, 1238
1238, 1237
1241, 1244
1244, 1241
1242, 1243
1243, 1242
1243, 1246
1246, 1243
1244, 1245
1245, 1244
1245, 1248
1248, 1245
1248, 1249
1249, 1248
1251, 1255
1255, 1251
1253, 1254
1254, 1253
1254, 1256
1256, 1254
1255, 1259
1259, 1255
1257, 1258
1258, 1257
1258, 1260
1260, 1258
1262, 1265
1265, 1262
1263, 1267
1267, 1263
1264, 1268
1268, 1264
1265, 1270
1270, 1265
1267, 1269
1269, 1267
1272, 1275
1275, 1272
1273, 1274
1274, 1273
1274, 1276
1276, 1274
1275, 1277
1277, 1275
1276, 1278
1278, 1276
1276, 1279
1279, 1276
1279, 1280
1280, 1279
1281, 1286
1286, 1281
1282, 1288
1288, 1282
1283, 1285
1285, 1283
1284, 1285
1285, 1284
1284, 1287
1287, 1284
1285, 1289
1289, 1285
1287, 1289
1289, 1287
1288, 1290
1290, 1288
1291, 1294
1294, 1291
1292, 1296
1296, 1292
1293, 1295
1295, 1293
1294, 1297
1297, 1294
1295, 1298
1298, 1295
1296, 1299
1299, 1296
1299, 1300
1300, 1299
1301, 1307
1307, 1301
1303, 1306
1306, 1303
1304, 1306
1306, 1304
1304, 1308
1308, 1304
1307, 1310
1310, 1307
1312, 1314
1314, 1312
1313, 1314
1314, 1313
1321, 1325
1325, 1321
1322, 1324
1324, 1322
1323, 1324
1324, 1323
1323, 1326
1326, 1323
1325, 1327
1327, 1325
1326, 1328
1328, 1326
1327, 1330
1330, 1327
1328, 1329
1329, 1328
1331, 1334
1334, 1331
1332, 1333
1333, 1332
1333, 1335
1335, 1333
1334, 1336
1336, 1334
1335, 1338
1338, 1335
1336, 1337
1337, 1336
1337, 1339
1339, 1337
1338, 1340
1340, 1338
1341, 1343
1343, 1341
1343, 1347
1347, 1343
1344, 1345
1345, 1344
1345, 1346
1346, 1345
1346, 1348
1348, 1346
1348, 1349
1349, 1348
1349, 1350
1350, 1349
1351, 1355
1355, 1351
1353, 1354
1354, 1353
1354, 1357
1357, 1354
1357, 1359
1359, 1357
1358, 1360
1360, 1358
1362, 1365
1365, 1362
1363, 1364
1364, 1363
1364, 1367
1367, 1364
1365, 1366
1366, 1365
1366, 1369
1369, 1366
1367, 1368
1368, 1367
1368, 1370
1370, 1368
1369, 1370
1370, 1369
1373, 1375
1375, 1373
1374, 1376
1376, 1374
1376, 1378
1378, 1376
1378, 1379
1379, 1378
1381, 1386
1386, 1381
1383, 1386
1386, 1383
1385, 1387
1387, 1385
1387, 1390
1390, 1387
1391, 1395
1395, 1391
1392, 1394
1394, 1392
1393, 1396
1396, 1393
1394, 1398
1398, 1394
1395, 1397
1397, 1395
1397, 1400
1400, 1397
1398, 1399
1399, 1398
1401, 1404
1404, 1401
1402, 1403
1403, 1402
1403, 1405
1405, 1403
1404, 1406
1406, 1404
1405, 1408
1408, 1405
1406, 1407
1407, 1406
1407, 1409
1409, 1407
1408, 1410
1410, 1408
1412, 1413
1413, 1412
1415, 1416
1416, 1415
1416, 1417
1417, 1416
1417, 1418
1418, 1417
1418, 1419
1419, 1418
1419, 1420
1420, 1419
1421, 1424
1424, 1421
1422, 1424
1424, 1422
1422, 1425
1425, 1422
1423, 1426
1426, 1423
1424, 1428
1428, 1424
1425, 1427
1427, 1425
1426, 1429
1429, 1426
1427, 1430
1430, 1427
1432, 1436
1436, 1432
1434, 1435
1435, 1434
1435, 1437
1437, 1435
1437, 1438
1438, 1437
1438, 1439
1439, 1438
1439, 1440
1440, 1439
1442, 1444
1444, 1442
1443, 1445
1445, 1443
1444, 1446
1446, 1444
1445, 1447
1447, 1445
1447, 1448
1448, 1447
1448, 1449
1449, 1448
1449, 1450
1450, 1449
1452, 1454
1454, 1452
1453, 1455
1455, 1453
1458, 1459
1459, 1458
1461, 1464
1464, 1461
1462, 1465
1465, 1462
1463, 1466
1466, 1463
1465, 1468
1468, 1465
1466, 1467
1467, 1466
1467, 1470
1470, 1467
1471, 1474
1474, 1471
1472, 1476
1476, 1472
1473, 1475
1475, 1473
1474, 1478
1478, 1474
1475, 1477
1477, 1475
1477, 1479
1479, 1477
1478, 1479
1479, 1478
1481, 1484
1484, 1481
1482, 1487
1487, 1482
1485, 1486
1486, 1485
1487, 1489
1489, 1487
1489, 1490
1490, 1489
1492, 1495
1495, 1492
1493, 1494
1494, 1493
1494, 1497
1497, 1494
1495, 1496
1496, 1495
1497, 1498
1498, 1497
1498, 1500
1500, 1498
1503, 1505
1505, 1503
1504, 1506
1506, 1504
1505, 1507
1507, 1505
1506, 1509
1509, 1506
1507, 1508
1508, 1507
1509, 1510
1510, 1509
1511, 1515
1515, 1511
1513, 1517
1517, 1513
1514, 1516
1516, 1514
1515, 1519
1519, 1515
1516, 1518
1518, 1516
1518, 1520
1520, 1518
1522, 1525
1525, 1522
1523, 1525
1525, 1523
1523, 1526
1526, 1523
1524, 1528
1528, 1524
1526, 1529
1529, 1526
1531, 1534
1534, 1531
1532, 1536
1536, 1532
1533, 1534
1534, 1533
1533, 1535
1535, 1533
1534, 1538
1538, 1534
1535, 1537
1537, 1535
1537, 1540
1540, 1537
1542, 1545
1545, 1542
1543, 1544
1544, 1543
1545, 1546
1546, 1545
1546, 1548
1548, 1546
1548, 1550
1550, 1548
1549, 1550
1550, 1549
1552, 1554
1554, 1552
1553, 1555
1555, 1553
1554, 1556
1556, 1554
1555, 1557
1557, 1555
1556, 1559
1559, 1556
1558, 1560
1560, 1558
1561, 1565
1565, 1561
1563, 1566
1566, 1563
1564, 1566
1566, 1564
1564, 1567
1567, 1564
1565, 1568
1568, 1565
1566, 1570
1570, 1566
1567, 1569
1569, 1567
1572, 1575
1575, 1572
1572, 1577
1577, 1572
1572, 1578
1578, 1572
1573, 1576
1576, 1573
1574, 1576
1576, 1574
1576, 1580
1580, 1576
1577, 1580
1580, 1577
1578, 1579
1579, 1578
1583, 1585
1585, 1583
1584, 1586
1586, 1584
1586, 1588
1588, 1586
1588, 1589
1589, 1588
1589, 1590
1590, 1589
1591, 1593
1593, 1591
1592, 1594
1594, 1592
1593, 1595
1595, 1593
1594, 1596
1596, 1594
1595, 1597
1597, 1595
1596, 1598
1598, 1596
1597, 1599
1599, 1597
1598, 1600
1600, 1598
1601, 1606
1606, 1601
1606, 1608
1608, 1606
1608, 1610
1610, 1608
1611, 1613
1613, 1611
1612, 1616
1616, 1612
1614, 1615
1615, 1614
1615, 1617
1617, 1615
1617, 1620
1620, 1617
1622, 1623
1623, 1622
1623, 1624
1624, 1623
1625, 1626
1626, 1625
1626, 1627
1627, 1626
1627, 1628
1628, 1627
1628, 1629
1629, 1628
1631, 1636
1636, 1631
1632, 1634
1634, 1632
1634, 1638
1638, 1634
1636, 1639
1639, 1636
1636, 1640
1640, 1636
1642, 1643
1643, 1642
1644, 1645
1645, 1644
1645, 1646
1646, 1645
1647, 1648
1648, 1647
1648, 1649
1649, 1648
1649, 1650
1650, 1649
1651, 1656
1656, 1651
1654, 1657
1657, 1654
1656, 1659
1659, 1656
1657, 1658
1658, 1657
1661, 1665
1665, 1661
1663, 1664
1664, 1663
1664, 1666
1666, 1664
1666, 1667
1667, 1666
1667, 1668
1668, 1667
1673, 1675
1675, 1673
1674, 1676
1676, 1674
1676, 1678
1678, 1676
1676, 1680
1680, 1676
1677, 1678
1678, 1677
1681, 1684
1684, 1681
1681, 1686
1686, 1681
1682, 1684
1684, 1682
1683, 1685
1685, 1683
1686, 1687
1687, 1686
1687, 1690
1690, 1687
1688, 1689
1689, 1688
1693, 1696
1696, 1693
1694, 1695
1695, 1694
1698, 1700
1700, 1698
1702, 1705
1705, 1702
1703, 1706
1706, 1703
1705, 1707
1707, 1705
1706, 1709
1709, 1706
1707, 1708
1708, 1707
1708, 1710
1710, 1708
1711, 1715
1715, 1711
1712, 1715
1715, 1712
1713, 1716
1716, 1713
1716, 1718
1718, 1716
1718, 1719
1719, 1718
1722, 1724
1724, 1722
1723, 1725
1725, 1723
1724, 1726
1726, 1724
1725, 1727
1727, 1725
1726, 1729
1729, 1726
1727, 1728
1728, 1727
1728, 1730
1730, 1728
1732, 1734
1734, 1732
1734, 1735
1735, 1734
1735, 1737
1737, 1735
1736, 1738
1738, 1736
1737, 1739
1739, 1737
1738, 1740
1740, 1738
1741, 1745
1745, 1741
1743, 1744
1744, 1743
1744, 1747
1747, 1744
1747, 1749
1749, 1747
1749, 1750
1750, 1749
1754, 1757
1757, 1754
1755, 1758
1758, 1755
1756, 1760
1760, 1756
1757, 1759
1759, 1757
1758, 1759
1759, 1758
1761, 1767
1767, 1761
1762, 1765
1765, 1762
1763, 1765
1765, 1763
1763, 1766
1766, 1763
1764, 1767
1767, 1764
1764, 1768
1768, 1764
1766, 1770
1770, 1766
1768, 1769
1769, 1768
1771, 1774
1774, 1771
1772, 1775
1775, 1772
1774, 1778
1778, 1774
1774, 1779
1779, 1774
1775, 1780
1780, 1775
1776, 1777
1777, 1776
1777, 1778
1778, 1777
1783, 1785
1785, 1783
1784, 1786
1786, 1784
1786, 1790
1790, 1786
1791, 1793
1793, 1791
1792, 1794
1794, 1792
1794, 1795
1795, 1794
1795, 1798
1798, 1795
1797, 1799
1799, 1797
1798, 1799
1799, 1798
1798, 1800
1800, 1798
1801, 1805
1805, 1801
1803, 1805
1805, 1803
1804, 1806
1806, 1804
1807, 1808
1808, 1807
1808, 1809
1809, 1808
1809, 1810
1810, 1809
1811, 1817
1817, 1811
1812, 1819
1819, 1812
1814, 1816
1816, 1814
1815, 1818
1818, 1815
1816, 1820
1820, 1816
1823, 1824
1824, 1823
1824, 1827
1827, 1824
1825, 1826
1826, 1825
1826, 1829
1829, 1826
1827, 1828
1828, 1827
1831, 1835
1835, 1831
1832, 1834
1834, 1832
1833, 1835
1835, 1833
1833, 1836
1836, 1833
1836, 1837
1837, 1836
1837, 1839
1839, 1837
1841, 1844
1844, 1841
1842, 1845
1845, 1842
1844, 1846
1846, 1844
1846, 1847
1847, 1846
1847, 1848
1848, 1847
1848, 1849
1849, 1848
1849, 1850
1850, 1849
1851, 1854
1854, 1851
1852, 1855
1855, 1852
1853, 1854
1854, 1853
1854, 1860
1860, 1854
1857, 1858
1858, 1857
1858, 1859
1859, 1858
1862, 1864
1864, 1862
1864, 1867
1867, 1864
1868, 1870
1870, 1868
1871, 1875
1875, 1871
1874, 1876
1876, 1874
1875, 1877
1877, 1875
1877, 1878
1878, 1877
1878, 1879
1879, 1878
1879, 1880
1880, 1879
1881, 1887
1887, 1881
1883, 1886
1886, 1883
1884, 1885
1885, 1884
1885, 1889
1889, 1885
1886, 1888
1888, 1886
1887, 1888
1888, 1887
1887, 1890
1890, 1887
1891, 1894
1894, 1891
1892, 1895
1895, 1892
1893, 1896
1896, 1893
1894, 1898
1898, 1894
1895, 1897
1897, 1895
1896, 1897
1897, 1896
1896, 1899
1899, 1896
1898, 1900
1900, 1898
1899, 1900
1900, 1899
1905, 1907
1907, 1905
1907, 1908
1908, 1907
1907, 1909
1909, 1907
1909, 1910
1910, 1909
1913, 1914
1914, 1913
1914, 1917
1917, 1914
1917, 1919
1919, 1917
1918, 1920
1920, 1918
1919, 1920
1920, 1919
1924, 1926
1926, 1924
1925, 1927
1927, 1925
1926, 1927
1927, 1926
1931, 1934
1934, 1931
1932, 1934
1934, 1932
1935, 1936
1936, 1935
1935, 1937
1937, 1935
1936, 1938
1938, 1936
1937, 1939
1939, 1937
1939, 1940
1940, 1939
1942, 1949
1949, 1942
1943, 1947
1947, 1943
1945, 1948
1948, 1945
1948, 1950
1950, 1948
1951, 1954
1954, 1951
1951, 1955
1955, 1951
1952, 1956
1956, 1952
1953, 1954
1954, 1953
1954, 1957
1957, 1954
1955, 1959
1959, 1955
1956, 1958
1958, 1956
1958, 1960
1960, 1958
1959, 1960
1960, 1959
1962, 1965
1965, 1962
1963, 1964
1964, 1963
1964, 1966
1966, 1964
1965, 1967
1967, 1965
1967, 1969
1969, 1967
1968, 1970
1970, 1968
1972, 1977
1977, 1972
1974, 1975
1975, 1974
1976, 1979
1979, 1976
1982, 1986
1986, 1982
1984, 1985
1985, 1984
1986, 1988
1988, 1986
1986, 1989
1989, 1986
1988, 1990
1990, 1988
1991, 1994
1994, 1991
1992, 1994
1994, 1992
1992, 1996
1996, 1992
1993, 1995
1995, 1993
1995, 1998
1998, 1995
1998, 1999
1999, 1998
2001, 2005
2005, 2001
2003, 2005
2005, 2003
2003, 2006
2006, 2003
2004, 2006
2006, 2004
2004, 2007
2007, 2004
2005, 2009
2009, 2005
2006, 2010
2010, 2006
2007, 2008
2008, 2007
2011, 2014
2014, 2011
2013, 2015
2015, 2013
2015, 2016
2016, 2015
2018, 2020
2020, 2018
2021, 2023
2023, 2021
2022, 2025
2025, 2022
2023, 2029
2029, 2023
2024, 2026
2026, 2024
2025, 2027
2027, 2025
2026, 2028
2028, 2026
2028, 2030
2030, 2028
2031, 2035
2035, 2031
2031, 2036
2036, 2031
2033, 2035
2035, 2033
2034, 2037
2037, 2034
2036, 2038
2038, 2036
2036, 2039
2039, 2036
2037, 2038
2038, 2037
2038, 2040
2040, 2038
2039, 2040
2040, 2039
2042, 2045
2045, 2042
2043, 2044
2044, 2043
2043, 2046
2046, 2043
2044, 2048
2048, 2044
2046, 2047
2047, 2046
2047, 2049
2049, 2047
2051, 2054
2054, 2051
2053, 2055
2055, 2053
2055, 2057
2057, 2055
2057, 2058
2058, 2057
2058, 2060
2060, 2058
2061, 2064
2064, 2061
2062, 2063
2063, 2062
2063, 2065
2065, 2063
2066, 2068
2068, 2066
2069, 2070
2070, 2069
2073, 2074
2074, 2073
2074, 2076
2076, 2074
2074, 2077
2077, 2074
2075, 2076
2076, 2075
2076, 2079
2079, 2076
2077, 2078
2078, 2077
2084, 2085
2085, 2084
2093, 2096
2096, 2093
2094, 2097
2097, 2094
2096, 2098
2098, 2096
2097, 2099
2099, 2097
2098, 2100
2100, 2098
2103, 2104
2104, 2103
2104, 2106
2106, 2104
2106, 2109
2109, 2106
2107, 2108
2108, 2107
2109, 2110
2110, 2109
2111, 2114
2114, 2111
2112, 2115
2115, 2112
2114, 2116
2116, 2114
2115, 2117
2117, 2115
2116, 2119
2119, 2116
2119, 2120
2120, 2119
2121, 2127
2127, 2121
2122, 2126
2126, 2122
2124, 2125
2125, 2124
2125, 2130
2130, 2125
2126, 2128
2128, 2126
2131, 2135
2135, 2131
2132, 2136
2136, 2132
2133, 2134
2134, 2133
2136, 2138
2138, 2136
2137, 2140
2140, 2137
2138, 2139
2139, 2138
2141, 2143
2143, 2141
2142, 2144
2144, 2142
2143, 2146
2146, 2143
2144, 2145
2145, 2144
2145, 2147
2147, 2145
2147, 2150
2150, 2147
2153, 2154
2154, 2153
2154, 2158
2158, 2154
2162, 2164
2164, 2162
2164, 2166
2166, 2164
2165, 2167
2167, 2165
2166, 2168
2168, 2166
2167, 2169
2169, 2167
2168, 2170
2170, 2168
2173, 2175
2175, 2173
2178, 2179
2179, 2178
2181, 2185
2185, 2181
2183, 2186
2186, 2183
2184, 2187
2187, 2184
2186, 2189
2189, 2186
2187, 2189
2189, 2187
2192, 2196
2196, 2192
2193, 2196
2196, 2193
2193, 2197
2197, 2193
2195, 2200
2200, 2195
2196, 2198
2198, 2196
2197, 2199
2199, 2197
2201, 2205
2205, 2201
2203, 2204
2204, 2203
2204, 2206
2206, 2204
2207, 2209
2209, 2207
2211, 2214
2214, 2211
2212, 2213
2213, 2212
2212, 2214
2214, 2212
2213, 2215
2215, 2213
2215, 2217
2217, 2215
2218, 2219
2219, 2218
2222, 2225
2225, 2222
2223, 2224
2224, 2223
2224, 2226
2226, 2224
2227, 2229
2229, 2227
2229, 2230
2230, 2229
2235, 2236
2236, 2235
2236, 2237
2237, 2236
2241, 2244
2244, 2241
2242, 2244
2244, 2242
2243, 2245
2245, 2243
2244, 2247
2247, 2244
2245, 2246
2246, 2245
2247, 2248
2248, 2247
2248, 2249
2249, 2248
2253, 2256
2256, 2253
2254, 2260
2260, 2254
2255, 2257
2257, 2255
2256, 2258
2258, 2256
2256, 2260
2260, 2256
2257, 2259
2259, 2257
2262, 2265
2265, 2262
2263, 2264
2264, 2263
2264, 2266
2266, 2264
2266, 2269
2269, 2266
2267, 2268
2268, 2267
2269, 2270
2270, 2269
2271, 2273
2273, 2271
2272, 2274
2274, 2272
2274, 2277
2277, 2274
2274, 2278
2278, 2274
2278, 2279
2279, 2278
2279, 2280
2280, 2279
2282, 2286
2286, 2282
2283, 2285
2285, 2283
2284, 2287
2287, 2284
2285, 2289
2289, 2285
2286, 2288
2288, 2286
2287, 2290
2290, 2287
2291, 2294
2294, 2291
2292, 2295
2295, 2292
2293, 2295
2295, 2293
2293, 2296
2296, 2293
2296, 2298
2298, 2296
2298, 2300
2300, 2298
2301, 2305
2305, 2301
2301, 2307
2307, 2301
2303, 2306
2306, 2303
2304, 2305
2305, 2304
2305, 2309
2309, 2305
2306, 2308
2308, 2306
2307, 2308
2308, 2307
2308, 2310
2310, 2308
2312, 2313
2313, 2312
2312, 2315
2315, 2312
2315, 2316
2316, 2315
2316, 2317
2317, 2316
2317, 2318
2318, 2317
2318, 2319
2319, 2318
2319, 2320
2320, 2319
2322, 2326
2326, 2322
2323, 2325
2325, 2323
2325, 2329
2329, 2325
2331, 2333
2333, 2331
2332, 2334
2334, 2332
2333, 2335
2335, 2333
2334, 2336
2336, 2334
2336, 2337
2337, 2336
2337, 2338
2338, 2337
2338, 2339
2339, 2338
2339, 2340
2340, 2339
2342, 2344
2344, 2342
2343, 2346
2346, 2343
2345, 2347
2347, 2345
2346, 2348
2348, 2346
2346, 2349
2349, 2346
2349, 2350
2350, 2349
2351, 2355
2355, 2351
2352, 2354
2354, 2352
2353, 2356
2356, 2353
2355, 2357
2357, 2355
2356, 2357
2357, 2356
2356, 2359
2359, 2356
2359, 2360
2360, 2359
2361, 2364
2364, 2361
2363, 2365
2365, 2363
2364, 2367
2367, 2364
2365, 2366
2366, 2365
2366, 2369
2369, 2366
2368, 2370
2370, 2368
2371, 2374
2374, 2371
2373, 2374
2374, 2373
2373, 2375
2375, 2373
2374, 2377
2377, 2374
2375, 2376
2376, 2375
2376, 2378
2378, 2376
2378, 2380
2380, 2378
2381, 2384
2384, 2381
2382, 2385
2385, 2382
2383, 2384
2384, 2383
2383, 2385
2385, 2383
2383, 2386
2386, 2383
2384, 2387
2387, 2384
2386, 2388
2388, 2386
2388, 2390
2390, 2388
2391, 2397
2397, 2391
2392, 2395
2395, 2392
2394, 2396
2396, 2394
2395, 2400
2400, 2395
2396, 2399
2399, 2396
2397, 2398
2398, 2397
2401, 2407
2407, 2401
2403, 2405
2405, 2403
2404, 2405
2405, 2404
2404, 2406
2406, 2404
2405, 2408
2408, 2405
2406, 2408
2408, 2406
2406, 2409
2409, 2406
2409, 2410
2410, 2409
2411, 2415
2415, 2411
2412, 2417
2417, 2412
2413, 2416
2416, 2413
2414, 2418
2418, 2414
2415, 2419
2419, 2415
2416, 2420
2420, 2416
2418, 2419
2419, 2418
2418, 2420
2420, 2418
2423, 2425
2425, 2423
2424, 2427
2427, 2424
2427, 2429
2429, 2427
2428, 2430
2430, 2428
2431, 2435
2435, 2431
2432, 2436
2436, 2432
2433, 2434
2434, 2433
2434, 2437
2437, 2434
2436, 2438
2438, 2436
2438, 2440
2440, 2438
2441, 2444
2444, 2441
2443, 2445
2445, 2443
2444, 2447
2447, 2444
2446, 2448
2448, 2446
2447, 2449
2449, 2447
2448, 2450
2450, 2448
2452, 2454
2454, 2452
2454, 2455
2455, 2454
2455, 2456
2456, 2455
2457, 2458
2458, 2457
2458, 2459
2459, 2458
2459, 2460
2460, 2459
2461, 2466
2466, 2461
2463, 2465
2465, 2463
2465, 2467
2467, 2465
2466, 2468
2468, 2466
2467, 2469
2469, 2467
2468, 2470
2470, 2468
2471, 2477
2477, 2471
2472, 2475
2475, 2472
2473, 2475
2475, 2473
2473, 2476
2476, 2473
2474, 2476
2476, 2474
2474, 2478
2478, 2474
2476, 2479
2479, 2476
2478, 2480
2480, 2478
2481, 2484
2484, 2481
2482, 2485
2485, 2482
2483, 2486
2486, 2483
2485, 2488
2488, 2485
2486, 2487
2487, 2486
2487, 2490
2490, 2487
2488, 2489
2489, 2488
2492, 2496
2496, 2492
2493, 2494
2494, 2493
2494, 2499
2499, 2494
2496, 2498
2498, 2496
2499, 2500
2500, 2499
2501, 2506
2506, 2501
2502, 2507
2507, 2502
2504, 2505
2505, 2504
2505, 2509
2509, 2505
2506, 2508
2508, 2506
2506, 2510
2510, 2506
2507, 2508
2508, 2507
2511, 2517
2517, 2511
2512, 2515
2515, 2512
2513, 2519
2519, 2513
2522, 2528
2528, 2522
2523, 2527
2527, 2523
2524, 2529
2529, 2524
2525, 2526
2526, 2525
2527, 2530
2530, 2527
2531, 2534
2534, 2531
2532, 2533
2533, 2532
2533, 2535
2535, 2533
2534, 2536
2536, 2534
2535, 2537
2537, 2535
2536, 2538
2538, 2536
2537, 2539
2539, 2537
2538, 2540
2540, 2538
2542, 2544
2544, 2542
2544, 2545
2545, 2544
2545, 2546
2546, 2545
2546, 2547
2547, 2546
2547, 2548
2548, 2547
2548, 2549
2549, 2548
2549, 2550
2550, 2549
2551, 2555
2555, 2551
2553, 2556
2556, 2553
2554, 2557
2557, 2554
2556, 2558
2558, 2556
2557, 2559
2559, 2557
2558, 2560
2560, 2558
2561, 2565
2565, 2561
2563, 2564
2564, 2563
2564, 2566
2566, 2564
2566, 2569
2569, 2566
2567, 2568
2568, 2567
2568, 2570
2570, 2568
2571, 2575
2575, 2571
2573, 2574
2574, 2573
2574, 2577
2577, 2574
2575, 2577
2577, 2575
2575, 2579
2579, 2575
2576, 2578
2578, 2576
2578, 2580
2580, 2578
2581, 2585
2585, 2581
2582, 2585
2585, 2582
2583, 2586
2586, 2583
2584, 2587
2587, 2584
2585, 2588
2588, 2585
2587, 2590
2590, 2587
2593, 2597
2597, 2593
2594, 2596
2596, 2594
2595, 2598
2598, 2595
2596, 2600
2600, 2596
2597, 2599
2599, 2597
2601, 2603
2603, 2601
2602, 2604
2604, 2602
2603, 2606
2606, 2603
2604, 2605
2605, 2604
2606, 2607
2607, 2606
2608, 2610
2610, 2608
2611, 2616
2616, 2611
2614, 2617
2617, 2614
2615, 2618
2618, 2615
2617, 2619
2619, 2617
2618, 2619
2619, 2618
2621, 2624
2624, 2621
2623, 2625
2625, 2623
2623, 2626
2626, 2623
2624, 2628
2628, 2624
2626, 2627
2627, 2626
2627, 2629
2629, 2627
2628, 2630
2630, 2628
2631, 2635
2635, 2631
2634, 2635
2635, 2634
2634, 2637
2637, 2634
2635, 2638
2638, 2635
2637, 2640
2640, 2637
2641, 2644
2644, 2641
2642, 2646
2646, 2642
2642, 2648
2648, 2642
2643, 2644
2644, 2643
2645, 2646
2646, 2645
2646, 2649
2649, 2646
2648, 2650
2650, 2648
2653, 2654
2654, 2653
2653, 2655
2655, 2653
2655, 2657
2657, 2655
2657, 2659
2659, 2657
2662, 2664
2664, 2662
2662, 2665
2665, 2662
2663, 2664
2664, 2663
2664, 2666
2666, 2664
2665, 2667
2667, 2665
2667, 2668
2668, 2667
2668, 2670
2670, 2668
2672, 2674
2674, 2672
2673, 2675
2675, 2673
2675, 2676
2676, 2675
2675, 2677
2677, 2675
2679, 2680
2680, 2679
2684, 2687
2687, 2684
2687, 2689
2689, 2687
2693, 2694
2694, 2693
2694, 2695
2695, 2694
2695, 2696
2696, 2695
2696, 2697
2697, 2696
2697, 2698
2698, 2697
2698, 2699
2699, 2698
2699, 2700
2700, 2699
2701, 2705
2705, 2701
2702, 2706
2706, 2702
2705, 2707
2707, 2705
2706, 2708
2708, 2706
2711, 2717
2717, 2711
2712, 2717
2717, 2712
2712, 2718
2718, 2712
2715, 2716
2716, 2715
2719, 2720
2720, 2719
2722, 2724
2724, 2722
2723, 2726
2726, 2723
2724, 2728
2728, 2724
2726, 2727
2727, 2726
2727, 2729
2729, 2727
2728, 2730
2730, 2728
2731, 2733
2733, 2731
2732, 2734
2734, 2732
2733, 2735
2735, 2733
2734, 2736
2736, 2734
2735, 2737
2737, 2735
2736, 2738
2738, 2736
2737, 2739
2739, 2737
2743, 2746
2746, 2743
2744, 2746
2746, 2744
2745, 2747
2747, 2745
2745, 2748
2748, 2745
2746, 2750
2750, 2746
2748, 2749
2749, 2748
2752, 2755
2755, 2752
2753, 2754
2754, 2753
2755, 2758
2758, 2755
2756, 2757
2757, 2756
2757, 2760
2760, 2757
2758, 2759
2759, 2758
2761, 2766
2766, 2761
2763, 2765
2765, 2763
2764, 2767
2767, 2764
2765, 2768
2768, 2765
2773, 2776
2776, 2773
2774, 2775
2775, 2774
2775, 2779
2779, 2775
2776, 2778
2778, 2776
2777, 2778
2778, 2777
2783, 2785
2785, 2783
2785, 2787
2787, 2785
2787, 2788
2788, 2787
2788, 2789
2789, 2788
2792, 2793
2793, 2792
2792, 2794
2794, 2792
2793, 2796
2796, 2793
2794, 2795
2795, 2794
2795, 2798
2798, 2795
2796, 2797
2797, 2796
2797, 2800
2800, 2797
2798, 2799
2799, 2798
2801, 2805
2805, 2801
2802, 2805
2805, 2802
2803, 2807
2807, 2803
2804, 2806
2806, 2804
2806, 2808
2808, 2806
2807, 2809
2809, 2807
2808, 2810
2810, 2808
2811, 2813
2813, 2811
2812, 2813
2813, 2812
2812, 2814
2814, 2812
2813, 2815
2815, 2813
2816, 2818
2818, 2816
2818, 2819
2819, 2818
2823, 2824
2824, 2823
2824, 2825
2825, 2824
2825, 2826
2826, 2825
2826, 2827
2827, 2826
2827, 2828
2828, 2827
2828, 2829
2829, 2828
2829, 2830
2830, 2829
2832, 2835
2835, 2832
2833, 2834
2834, 2833
2834, 2837
2837, 2834
2835, 2836
2836, 2835
2836, 2838
2838, 2836
2837, 2839
2839, 2837
2839, 2840
2840, 2839
2841, 2843
2843, 2841
2842, 2844
2844, 2842
2843, 2845
2845, 2843
2844, 2846
2846, 2844
2845, 2848
2848, 2845
2846, 2847
2847, 2846
2847, 2850
2850, 2847
2848, 2849
2849, 2848
2851, 2854
2854, 2851
2853, 2855
2855, 2853
2854, 2857
2857, 2854
2855, 2856
2856, 2855
2856, 2858
2858, 2856
2857, 2859
2859, 2857
2858, 2860
2860, 2858
2861, 2866
2866, 2861
2863, 2867
2867, 2863
2864, 2866
2866, 2864
2865, 2868
2868, 2865
2866, 2870
2870, 2866
2867, 2869
2869, 2867
2868, 2869
2869, 2868
2871, 2876
2876, 2871
2873, 2880
2880, 2873
2874, 2879
2879, 2874
2875, 2877
2877, 2875
2881, 2885
2885, 2881
2882, 2886
2886, 2882
2883, 2886
2886, 2883
2883, 2887
2887, 2883
2885, 2889
2889, 2885
2887, 2890
2890, 2887
2888, 2889
2889, 2888
2891, 2894
2894, 2891
2893, 2896
2896, 2893
2894, 2899
2899, 2894
2895, 2897
2897, 2895
2896, 2900
2900, 2896
2901, 2905
2905, 2901
2901, 2906
2906, 2901
2903, 2905
2905, 2903
2904, 2907
2907, 2904
2905, 2909
2909, 2905
2906, 2908
2908, 2906
2908, 2910
2910, 2908
2911, 2915
2915, 2911
2912, 2914
2914, 2912
2913, 2914
2914, 2913
2913, 2916
2916, 2913
2914, 2917
2917, 2914
2915, 2918
2918, 2915
2916, 2917
2917, 2916
2916, 2919
2919, 2916
2917, 2920
2920, 2917
2921, 2925
2925, 2921
2923, 2925
2925, 2923
2924, 2926
2926, 2924
2925, 2927
2927, 2925
2927, 2928
2928, 2927
2928, 2929
2929, 2928
2929, 2930
2930, 2929
2931, 2934
2934, 2931
2932, 2933
2933, 2932
2933, 2935
2935, 2933
2934, 2936
2936, 2934
2936, 2937
2937, 2936
2937, 2940
2940, 2937
2941, 2944
2944, 2941
2942, 2945
2945, 2942
2943, 2944
2944, 2943
2946, 2947
2947, 2946
2947, 2948
2948, 2947
2949, 2950
2950, 2949
2952, 2957
2957, 2952
2953, 2956
2956, 2953
2954, 2955
2955, 2954
2955, 2958
2958, 2955
2956, 2959
2959, 2956
2959, 2960
2960, 2959
2962, 2964
2964, 2962
2963, 2965
2965, 2963
2964, 2967
2967, 2964
2965, 2966
2966, 2965
2966, 2969
2969, 2966
2973, 2975
2975, 2973
2973, 2976
2976, 2973
2975, 2978
2978, 2975
2976, 2977
2977, 2976
2979, 2980
2980, 2979
2982, 2984
2984, 2982
2983, 2985
2985, 2983
2984, 2986
2986, 2984
2985, 2987
2987, 2985
2986, 2989
2989, 2986
2987, 2988
2988, 2987
2989, 2990
2990, 2989
2991, 2995
2995, 2991
2992, 2996
2996, 2992
2994, 2996
2996, 2994
2994, 2997
2997, 2994
2997, 2998
2998, 2997
2997, 2999
2999, 2997
2998, 3000
3000, 2998
3001, 3004
3004, 3001
3002, 3006
3006, 3002
3003, 3005
3005, 3003
3004, 3008
3008, 3004
3005, 3009
3009, 3005
3006, 3007
3007, 3006
3009, 3010
3010, 3009
3011, 3014
3014, 3011
3012, 3013
3013, 3012
3013, 3015
3015, 3013
3014, 3015
3015, 3014
3016, 3018
3018, 3016
3018, 3019
3019, 3018
3021, 3024
3024, 3021
3022, 3024
3024, 3022
3023, 3025
3025, 3023
3024, 3026
3026, 3024
3025, 3028
3028, 3025
3031, 3034
3034, 3031
3031, 3035
3035, 3031
3032, 3036
3036, 3032
3033, 3034
3034, 3033
3034, 3038
3038, 3034
3036, 3037
3037, 3036
3037, 3039
3039, 3037
3041, 3044
3044, 3041
3042, 3044
3044, 3042
3042, 3045
3045, 3042
3043, 3046
3046, 3043
3044, 3049
3049, 3044
3045, 3047
3047, 3045
3046, 3048
3048, 3046
3049, 3050
3050, 3049
3052, 3056
3056, 3052
3054, 3055
3055, 3054
3055, 3058
3058, 3055
3056, 3057
3057, 3056
3058, 3059
3059, 3058
3059, 3060
3060, 3059
3061, 3065
3065, 3061
3061, 3066
3066, 3061
3062, 3065
3065, 3062
3064, 3068
3068, 3064
3065, 3067
3067, 3065
3066, 3069
3069, 3066
3069, 3070
3070, 3069
3072, 3076
3076, 3072
3073, 3075
3075, 3073
3073, 3077
3077, 3073
3074, 3075
3075, 3074
3074, 3077
3077, 3074
3075, 3078
3078, 3075
3076, 3079
3079, 3076
3077, 3078
3078, 3077
3077, 3080
3080, 3077
3083, 3084
3084, 3083
3084, 3086
3086, 3084
3085, 3087
3087, 3085
3086, 3089
3089, 3086
3087, 3088
3088, 3087
3088, 3090
3090, 3088
3091, 3095
3095, 3091
3094, 3095
3095, 3094
3094, 3096
3096, 3094
3096, 3097
3097, 3096
3097, 3100
3100, 3097
3103, 3104
3104, 3103
3104, 3105
3105, 3104
3105, 3106
3106, 3105
3106, 3107
3107, 3106
3107, 3108
3108, 3107
3108, 3109
3109, 3108
3109, 3110
3110, 3109
3112, 3115
3115, 3112
3113, 3114
3114, 3113
3114, 3119
3119, 3114
3116, 3117
3117, 3116
3117, 3118
3118, 3117
3123, 3127
3127, 3123
3125, 3126
3126, 3125
3126, 3129
3129, 3126
3129, 3130
3130, 3129
3131, 3135
3135, 3131
3135, 3138
3138, 3135
3138, 3139
3139, 3138
3141, 3147
3147, 3141
3142, 3145
3145, 3142
3143, 3144
3144, 3143
3145, 3148
3148, 3145
3149, 3150
3150, 3149
3152, 3154
3154, 3152
3153, 3155
3155, 3153
3154, 3156
3156, 3154
3155, 3157
3157, 3155
3156, 3159
3159, 3156
3157, 3158
3158, 3157
3159, 3160
3160, 3159
3161, 3166
3166, 3161
3163, 3168
3168, 3163
3164, 3169
3169, 3164
3165, 3167
3167, 3165
3166, 3170
3170, 3166
3167, 3170
3170, 3167
3171, 3175
3175, 3171
3174, 3177
3177, 3174
3175, 3177
3177, 3175
3175, 3179
3179, 3175
3178, 3180
3180, 3178
3182, 3186
3186, 3182
3184, 3190
3190, 3184
3185, 3188
3188, 3185
3188, 3189
3189, 3188
3191, 3196
3196, 3191
3192, 3197
3197, 3192
3194, 3195
3195, 3194
3195, 3198
3198, 3195
3195, 3199
3199, 3195
3196, 3200
3200, 3196
3197, 3198
3198, 3197
3201, 3204
3204, 3201
3202, 3206
3206, 3202
3203, 3205
3205, 3203
3205, 3208
3208, 3205
3206, 3207
3207, 3206
3211, 3215
3215, 3211
3212, 3216
3216, 3212
3213, 3214
3214, 3213
3214, 3218
3218, 3214
3215, 3217
3217, 3215
3215, 3219
3219, 3215
3216, 3217
3217, 3216
3219, 3220
3220, 3219
3221, 3225
3225, 3221
3223, 3224
3224, 3223
3224, 3226
3226, 3224
3226, 3227
3227, 3226
3227, 3228
3228, 3227
3228, 3229
3229, 3228
3229, 3230
3230, 3229
3231, 3237
3237, 3231
3232, 3235
3235, 3232
3234, 3238
3238, 3234
3236, 3239
3239, 3236
3241, 3245
3245, 3241
3242, 3243
3243, 3242
3243, 3246
3246, 3243
3246, 3248
3248, 3246
3251, 3257
3257, 3251
3252, 3256
3256, 3252
3253, 3255
3255, 3253
3254, 3255
3255, 3254
3254, 3258
3258, 3254
3256, 3260
3260, 3256
3258, 3259
3259, 3258
3261, 3266
3266, 3261
3262, 3265
3265, 3262
3263, 3268
3268, 3263
3264, 3266
3266, 3264
3264, 3267
3267, 3264
3265, 3270
3270, 3265
3267, 3269
3269, 3267
3272, 3275
3275, 3272
3275, 3277
3277, 3275
3276, 3278
3278, 3276
3277, 3279
3279, 3277
3281, 3284
3284, 3281
3282, 3285
3285, 3282
3283, 3286
3286, 3283
3284, 3288
3288, 3284
3285, 3287
3287, 3285
3286, 3288
3288, 3286
3286, 3289
3289, 3286
3289, 3290
3290, 3289
3291, 3295
3295, 3291
3292, 3296
3296, 3292
3293, 3297
3297, 3293
3294, 3298
3298, 3294
3296, 3300
3300, 3296
3298, 3299
3299, 3298
3301, 3304
3304, 3301
3302, 3303
3303, 3302
3303, 3305
3305, 3303
3304, 3306
3306, 3304
3305, 3307
3307, 3305
3306, 3307
3307, 3306
3312, 3315
3315, 3312
3314, 3317
3317, 3314
3321, 3327
3327, 3321
3323, 3326
3326, 3323
3324, 3325
3325, 3324
3325, 3330
3330, 3325
3326, 3328
3328, 3326
3327, 3328
3328, 3327
3331, 3335
3335, 3331
3333, 3334
3334, 3333
3334, 3337
3337, 3334
3335, 3336
3336, 3335
3337, 3338
3338, 3337
3337, 3339
3339, 3337
3339, 3340
3340, 3339
3341, 3347
3347, 3341
3342, 3346
3346, 3342
3346, 3350
3350, 3346
3347, 3349
3349, 3347
3351, 3355
3355, 3351
3352, 3355
3355, 3352
3352, 3356
3356, 3352
3356, 3357
3357, 3356
3356, 3359
3359, 3356
3362, 3364
3364, 3362
3367, 3368
3368, 3367
3368, 3369
3369, 3368
3369, 3370
3370, 3369
3371, 3373
3373, 3371
3372, 3374
3374, 3372
3373, 3375
3375, 3373
3374, 3376
3376, 3374
3375, 3378
3378, 3375
3376, 3377
3377, 3376
3377, 3380
3380, 3377
3378, 3379
3379, 3378
3382, 3387
3387, 3382
3383, 3386
3386, 3383
3384, 3385
3385, 3384
3385, 3388
3388, 3385
3387, 3389
3389, 3387
3388, 3390
3390, 3388
3392, 3396
3396, 3392
3395, 3398
3398, 3395
3398, 3400
3400, 3398
3401, 3404
3404, 3401
3402, 3406
3406, 3402
3403, 3405
3405, 3403
3404, 3409
3409, 3404
3405, 3407
3407, 3405
3406, 3408
3408, 3406
3409, 3410
3410, 3409
3411, 3414
3414, 3411
3411, 3416
3416, 3411
3413, 3414
3414, 3413
3414, 3417
3417, 3414
3415, 3418
3418, 3415
3416, 3419
3419, 3416
3418, 3420
3420, 3418
3419, 3420
3420, 3419
3421, 3427
3427, 3421
3422, 3424
3424, 3422
3424, 3428
3428, 3424
3425, 3429
3429, 3425
3429, 3430
3430, 3429
3432, 3435
3435, 3432
3434, 3437
3437, 3434
3437, 3439
3439, 3437
3443, 3446
3446, 3443
3446, 3448
3448, 3446
3448, 3450
3450, 3448
3452, 3453
3453, 3452
3453, 3456
3456, 3453
3454, 3455
3455, 3454
3455, 3456
3456, 3455
3455, 3457
3457, 3455
3456, 3459
3459, 3456
3457, 3458
3458, 3457
3459, 3460
3460, 3459
3461, 3466
3466, 3461
3462, 3464
3464, 3462
3463, 3465
3465, 3463
3464, 3468
3468, 3464
3466, 3467
3467, 3466
3466, 3469
3469, 3466
3469, 3470
3470, 3469
3471, 3475
3475, 3471
3473, 3476
3476, 3473
3474, 3477
3477, 3474
3475, 3480
3480, 3475
3476, 3478
3478, 3476
3477, 3479
3479, 3477
3482, 3485
3485, 3482
3482, 3486
3486, 3482
3486, 3488
3488, 3486
3487, 3490
3490, 3487
3491, 3495
3495, 3491
3493, 3494
3494, 3493
3494, 3496
3496, 3494
3496, 3497
3497, 3496
3497, 3498
3498, 3497
3498, 3499
3499, 3498
3499, 3500
3500, 3499
3501, 3503
3503, 3501
3502, 3503
3503, 3502
3502, 3504
3504, 3502
3503, 3506
3506, 3503
3505, 3507
3507, 3505
3506, 3508
3508, 3506
3507, 3510
3510, 3507
3508, 3509
3509, 3508
3511, 3514
3514, 3511
3513, 3515
3515, 3513
3515, 3516
3516, 3515
3519, 3520
3520, 3519
3522, 3526
3526, 3522
3523, 3525
3525, 3523
3524, 3527
3527, 3524
3525, 3529
3529, 3525
3528, 3530
3530, 3528
3533, 3535
3535, 3533
3534, 3536
3536, 3534
3536, 3537
3537, 3536
3537, 3538
3538, 3537
3538, 3539
3539, 3538
3539, 3540
3540, 3539
3543, 3547
3547, 3543
3544, 3546
3546, 3544
3546, 3548
3548, 3546
3548, 3550
3550, 3548
3551, 3556
3556, 3551
3552, 3556
3556, 3552
3552, 3557
3557, 3552
3554, 3555
3555, 3554
3555, 3558
3558, 3555
3556, 3560
3560, 3556
3561, 3565
3565, 3561
3562, 3565
3565, 3562
3564, 3566
3566, 3564
3566, 3568
3568, 3566
3566, 3569
3569, 3566
3567, 3568
3568, 3567
3569, 3570
3570, 3569
3572, 3574
3574, 3572
3573, 3574
3574, 3573
3574, 3577
3577, 3574
3575, 3576
3576, 3575
3576, 3578
3578, 3576
3577, 3579
3579, 3577
3578, 3580
3580, 3578
3583, 3585
3585, 3583
3585, 3587
3587, 3585
3587, 3588
3588, 3587
3588, 3589
3589, 3588
3589, 3590
3590, 3589
3591, 3595
3595, 3591
3592, 3596
3596, 3592
3593, 3596
3596, 3593
3595, 3598
3598, 3595
3596, 3599
3599, 3596
3597, 3599
3599, 3597
3598, 3600
3600, 3598
3601, 3605
3605, 3601
3603, 3604
3604, 3603
3604, 3607
3607, 3604
3605, 3606
3606, 3605
3606, 3609
3609, 3606
3607, 3608
3608, 3607
3608, 3610
3610, 3608
3613, 3615
3615, 3613
3615, 3616
3616, 3615
3616, 3619
3619, 3616
3619, 3620
3620, 3619
3622, 3624
3624, 3622
3626, 3627
3627, 3626
3627, 3628
3628, 3627
3627, 3630
3630, 3627
3631, 3635
3635, 3631
3633, 3637
3637, 3633
3634, 3636
3636, 3634
3635, 3639
3639, 3635
3636, 3638
3638, 3636
3637, 3638
3638, 3637
3637, 3640
3640, 3637
3641, 3643
3643, 3641
3642, 3644
3644, 3642
3644, 3646
3646, 3644
3646, 3647
3647, 3646
3647, 3648
3648, 3647
3648, 3649
3649, 3648
3649, 3650
3650, 3649
3651, 3654
3654, 3651
3653, 3655
3655, 3653
3654, 3657
3657, 3654
3655, 3656
3656, 3655
3656, 3658
3658, 3656
3657, 3659
3659, 3657
3659, 3660
3660, 3659
3662, 3665
3665, 3662
3663, 3665
3665, 3663
3663, 3666
3666, 3663
3665, 3667
3667, 3665
3666, 3668
3668, 3666
3667, 3669
3669, 3667
3668, 3669
3669, 3668
3668, 3670
3670, 3668
3672, 3677
3677, 3672
3677, 3679
3679, 3677
3677, 3680
3680, 3677
3681, 3685
3685, 3681
3683, 3687
3687, 3683
3684, 3686
3686, 3684
3685, 3688
3688, 3685
3687, 3689
3689, 3687
3688, 3690
3690, 3688
3691, 3694
3694, 3691
3692, 3695
3695, 3692
3693, 3694
3694, 3693
3695, 3698
3698, 3695
3696, 3697
3697, 3696
3697, 3699
3699, 3697
3698, 3700
3700, 3698
3701, 3705
3705, 3701
3703, 3704
3704, 3703
3704, 3709
3709, 3704
3705, 3707
3707, 3705
3707, 3710
3710, 3707
3711, 3715
3715, 3711
3714, 3716
3716, 3714
3715, 3717
3717, 3715
3716, 3718
3718, 3716
3717, 3719
3719, 3717
3718, 3720
3720, 3718
3719, 3720
3720, 3719
3721, 3727
3727, 3721
3722, 3727
3727, 3722
3723, 3725
3725, 3723
3724, 3726
3726, 3724
3725, 3729
3729, 3725
3726, 3730
3730, 3726
3732, 3733
3733, 3732
3733, 3735
3735, 3733
3734, 3736
3736, 3734
3735, 3737
3737, 3735
3736, 3738
3738, 3736
3737, 3739
3739, 3737
3738, 3739
3739, 3738
3738, 3740
3740, 3738
3741, 3746
3746, 3741
3742, 3747
3747, 3742
3743, 3745
3745, 3743
3744, 3746
3746, 3744
3745, 3750
3750, 3745
3746, 3748
3748, 3746
3747, 3749
3749, 3747
3752, 3754
3754, 3752
3753, 3756
3756, 3753
3754, 3755
3755, 3754
3756, 3758
3758, 3756
3758, 3759
3759, 3758
3762, 3765
3765, 3762
3763, 3764
3764, 3763
3764, 3766
3766, 3764
3764, 3767
3767, 3764
3765, 3766
3766, 3765
3773, 3775
3775, 3773
3774, 3776
3776, 3774
3776, 3779
3779, 3776
3777, 3778
3778, 3777
3781, 3784
3784, 3781
3782, 3785
3785, 3782
3783, 3784
3784, 3783
3783, 3786
3786, 3783
3786, 3787
3787, 3786
3787, 3789
3789, 3787
3792, 3794
3794, 3792
3793, 3796
3796, 3793
3795, 3799
3799, 3795
3796, 3797
3797, 3796
3797, 3798
3798, 3797
3799, 3800
3800, 3799
3801, 3804
3804, 3801
3802, 3806
3806, 3802
3803, 3805
3805, 3803
3804, 3807
3807, 3804
3805, 3808
3808, 3805
3809, 3810
3810, 3809
3811, 3813
3813, 3811
3813, 3814
3814, 3813
3814, 3815
3815, 3814
3815, 3816
3816, 3815
3816, 3817
3817, 3816
3817, 3818
3818, 3817
3818, 3819
3819, 3818
3822, 3825
3825, 3822
3823, 3825
3825, 3823
3823, 3828
3828, 3823
3824, 3827
3827, 3824
3827, 3829
3829, 3827
3833, 3834
3834, 3833
3833, 3835
3835, 3833
3834, 3837
3837, 3834
3835, 3836
3836, 3835
3836, 3838
3838, 3836
3839, 3840
3840, 3839
3841, 3843
3843, 3841
3843, 3845
3845, 3843
3845, 3847
3847, 3845
3847, 3848
3848, 3847
3848, 3849
3849, 3848
3849, 3850
3850, 3849
3851, 3854
3854, 3851
3852, 3856
3856, 3852
3853, 3855
3855, 3853
3854, 3858
3858, 3854
3855, 3857
3857, 3855
3859, 3860
3860, 3859
3861, 3864
3864, 3861
3861, 3865
3865, 3861
3862, 3866
3866, 3862
3863, 3864
3864, 3863
3865, 3868
3868, 3865
3865, 3869
3869, 3865
3867, 3870
3870, 3867
3871, 3875
3875, 3871
3875, 3876
3876, 3875
3876, 3878
3878, 3876
3877, 3879
3879, 3877
3878, 3880
3880, 3878
3883, 3887
3887, 3883
3885, 3888
3888, 3885
3888, 3890
3890, 3888
3891, 3894
3894, 3891
3893, 3895
3895, 3893
3895, 3896
3896, 3895
3896, 3897
3897, 3896
3897, 3898
3898, 3897
3898, 3899
3899, 3898
3902, 3904
3904, 3902
3903, 3906
3906, 3903
3904, 3908
3908, 3904
3906, 3907
3907, 3906
3907, 3910
3910, 3907
3908, 3909
3909, 3908
3912, 3915
3915, 3912
3915, 3918
3918, 3915
3915, 3919
3919, 3915
3919, 3920
3920, 3919
3921, 3924
3924, 3921
3925, 3927
3927, 3925
3928, 3929
3929, 3928
3931, 3934
3934, 3931
3932, 3933
3933, 3932
3933, 3936
3936, 3933
3935, 3937
3937, 3935
3936, 3938
3938, 3936
3937, 3940
3940, 3937
3938, 3939
3939, 3938
3941, 3945
3945, 3941
3943, 3946
3946, 3943
3944, 3946
3946, 3944
3944, 3947
3947, 3944
3945, 3948
3948, 3945
3946, 3950
3950, 3946
3947, 3949
3949, 3947
3952, 3956
3956, 3952
3952, 3957
3957, 3952
3953, 3955
3955, 3953
3954, 3956
3956, 3954
3956, 3960
3960, 3956
3957, 3958
3958, 3957
3961, 3969
3969, 3961
3962, 3966
3966, 3962
3963, 3969
3969, 3963
3964, 3966
3966, 3964
3964, 3968
3968, 3964
3965, 3967
3967, 3965
3966, 3970
3970, 3966
3973, 3976
3976, 3973
3974, 3975
3975, 3974
3975, 3977
3977, 3975
3977, 3978
3978, 3977
3978, 3979
3979, 3978
3983, 3985
3985, 3983
3984, 3986
3986, 3984
3986, 3988
3988, 3986
3991, 3997
3997, 3991
3992, 3997
3997, 3992
3992, 3998
3998, 3992
3993, 3996
3996, 3993
3994, 3995
3995, 3994
3995, 4000
4000, 3995
3996, 3999
3999, 3996
4003, 4007
4007, 4003
4004, 4007
4007, 4004
4004, 4008
4008, 4004
4007, 4010
4010, 4007
4011, 4016
4016, 4011
4012, 4014
4014, 4012
4013, 4015
4015, 4013
4014, 4019
4019, 4014
4015, 4017
4017, 4015
4016, 4018
4018, 4016
4022, 4025
4025, 4022
4023, 4024
4024, 4023
4024, 4026
4026, 4024
4026, 4027
4027, 4026
4027, 4028
4028, 4027
4028, 4029
4029, 4028
4029, 4030
4030, 4029
4034, 4036
4036, 4034
4035, 4037
4037, 4035
4037, 4038
4038, 4037
4038, 4039
4039, 4038
4041, 4045
4045, 4041
4044, 4046
4046, 4044
4045, 4046
4046, 4045
4046, 4049
4049, 4046
4047, 4048
4048, 4047
4048, 4050
4050, 4048
4051, 4054
4054, 4051
4054, 4055
4055, 4054
4055, 4060
4060, 4055
4056, 4057
4057, 4056
4057, 4058
4058, 4057
4058, 4059
4059, 4058
4062, 4065
4065, 4062
4063, 4066
4066, 4063
4065, 4067
4067, 4065
4066, 4068
4068, 4066
4067, 4070
4070, 4067
4068, 4069
4069, 4068
4071, 4075
4075, 4071
4071, 4077
4077, 4071
4072, 4076
4076, 4072
4073, 4075
4075, 4073
4074, 4076
4076, 4074
4076, 4080
4080, 4076
4077, 4079
4079, 4077
4078, 4080
4080, 4078
4081, 4087
4087, 4081
4082, 4085
4085, 4082
4083, 4086
4086, 4083
4085, 4090
4090, 4085
4086, 4089
4089, 4086
4087, 4088
4088, 4087
4093, 4098
4098, 4093
4094, 4097
4097, 4094
4095, 4098
4098, 4095
4096, 4100
4100, 4096
4098, 4099
4099, 4098
4102, 4106
4106, 4102
4103, 4106
4106, 4103
4103, 4108
4108, 4103
4104, 4109
4109, 4104
4105, 4107
4107, 4105
4111, 4114
4114, 4111
4112, 4116
4116, 4112
4113, 4115
4115, 4113
4116, 4117
4117, 4116
4117, 4119
4119, 4117
4118, 4120
4120, 4118
4122, 4129
4129, 4122
4123, 4127
4127, 4123
4124, 4126
4126, 4124
4125, 4126
4126, 4125
4125, 4128
4128, 4125
4128, 4130
4130, 4128
4131, 4134
4134, 4131
4132, 4134
4134, 4132
4132, 4137
4137, 4132
4133, 4136
4136, 4133
4136, 4139
4139, 4136
4137, 4138
4138, 4137
4139, 4140
4140, 4139
4142, 4145
4145, 4142
4143, 4147
4147, 4143
4144, 4146
4146, 4144
4146, 4148
4148, 4146
4148, 4150
4150, 4148
4151, 4154
4154, 4151
4152, 4155
4155, 4152
4153, 4156
4156, 4153
4154, 4158
4158, 4154
4155, 4157
4157, 4155
4156, 4157
4157, 4156
4156, 4159
4159, 4156
4159, 4160
4160, 4159
4162, 4165
4165, 4162
4163, 4166
4166, 4163
4165, 4169
4169, 4165
4166, 4167
4167, 4166
4167, 4170
4170, 4167
4173, 4176
4176, 4173
4176, 4178
4178, 4176
4178, 4179
4179, 4178
4182, 4184
4184, 4182
4184, 4185
4185, 4184
4185, 4186
4186, 4185
4186, 4187
4187, 4186
4189, 4190
4190, 4189
4191, 4196
4196, 4191
4192, 4194
4194, 4192
4193, 4195
4195, 4193
4194, 4198
4198, 4194
4195, 4199
4199, 4195
4202, 4204
4204, 4202
4205, 4207
4207, 4205
4207, 4208
4208, 4207
4208, 4209
4209, 4208
4209, 4210
4210, 4209
4211, 4215
4215, 4211
4213, 4214
4214, 4213
4215, 4216
4216, 4215
4216, 4218
4218, 4216
4217, 4219
4219, 4217
4219, 4220
4220, 4219
4222, 4226
4226, 4222
4223, 4224
4224, 4223
4224, 4228
4228, 4224
4228, 4230
4230, 4228
4231, 4235
4235, 4231
4231, 4237
4237, 4231
4232, 4236
4236, 4232
4233, 4236
4236, 4233
4233, 4238
4238, 4233
4234, 4235
4235, 4234
4236, 4239
4239, 4236
4237, 4240
4240, 4237
4238, 4239
4239, 4238
4241, 4245
4245, 4241
4243, 4244
4244, 4243
4245, 4246
4246, 4245
4246, 4247
4247, 4246
4247, 4248
4248, 4247
4248, 4249
4249, 4248
4249, 4250
4250, 4249
4252, 4255
4255, 4252
4253, 4254
4254, 4253
4255, 4256
4256, 4255
4255, 4257
4257, 4255
4257, 4258
4258, 4257
4258, 4259
4259, 4258
4259, 4260
4260, 4259
4262, 4265
4265, 4262
4263, 4264
4264, 4263
4265, 4266
4266, 4265
4266, 4268
4268, 4266
4267, 4268
4268, 4267
4268, 4270
4270, 4268
4269, 4270
4270, 4269
4271, 4274
4274, 4271
4272, 4276
4276, 4272
4273, 4275
4275, 4273
4275, 4278
4278, 4275
4278, 4279
4279, 4278
4283, 4287
4287, 4283
4286, 4289
4289, 4286
4287, 4290
4290, 4287
4292, 4295
4295, 4292
4293, 4294
4294, 4293
4294, 4296
4296, 4294
4296, 4297
4297, 4296
4297, 4298
4298, 4297
4298, 4299
4299, 4298
4299, 4300
4300, 4299
4302, 4306
4306, 4302
4303, 4305
4305, 4303
4304, 4306
4306, 4304
4305, 4308
4308, 4305
4306, 4310
4310, 4306
4307, 4309
4309, 4307
4312, 4316
4316, 4312
4313, 4315
4315, 4313
4314, 4316
4316, 4314
4314, 4317
4317, 4314
4315, 4319
4319, 4315
4316, 4318
4318, 4316
4317, 4318
4318, 4317
4318, 4320
4320, 4318
4323, 4326
4326, 4323
4324, 4325
4325, 4324
4325, 4327
4327, 4325
4326, 4328
4328, 4326
4328, 4330
4330, 4328
4331, 4333
4333, 4331
4333, 4334
4334, 4333
4334, 4335
4335, 4334
4335, 4336
4336, 4335
4336, 4337
4337, 4336
4337, 4338
4338, 4337
4338, 4339
4339, 4338
4339, 4340
4340, 4339
4343, 4346
4346, 4343
4344, 4345
4345, 4344
4345, 4348
4348, 4345
4346, 4347
4347, 4346
4347, 4350
4350, 4347
4348, 4349
4349, 4348
4351, 4354
4354, 4351
4352, 4355
4355, 4352
4353, 4354
4354, 4353
4353, 4356
4356, 4353
4354, 4357
4357, 4354
4356, 4358
4358, 4356
4357, 4360
4360, 4357
4358, 4359
4359, 4358
4362, 4367
4367, 4362
4363, 4368
4368, 4363
4365, 4369
4369, 4365
4367, 4370
4370, 4367
4368, 4370
4370, 4368
4371, 4374
4374, 4371
4374, 4376
4376, 4374
4376, 4378
4378, 4376
4378, 4380
4380, 4378
4381, 4385
4385, 4381
4382, 4383
4383, 4382
4383, 4387
4387, 4383
4384, 4385
4385, 4384
4385, 4386
4386, 4385
4388, 4390
4390, 4388
4393, 4396
4396, 4393
4394, 4397
4397, 4394
4395, 4397
4397, 4395
4395, 4398
4398, 4395
4396, 4399
4399, 4396
4397, 4400
4400, 4397
4402, 4406
4406, 4402
4403, 4407
4407, 4403
4404, 4405
4405, 4404
4405, 4408
4408, 4405
4406, 4409
4409, 4406
4407, 4410
4410, 4407
4412, 4415
4415, 4412
4413, 4414
4414, 4413
4413, 4415
4415, 4413
4413, 4416
4416, 4413
4415, 4417
4417, 4415
4416, 4417
4417, 4416
4416, 4418
4418, 4416
4418, 4419
4419, 4418
4419, 4420
4420, 4419
4422, 4425
4425, 4422
4423, 4424
4424, 4423
4425, 4427
4427, 4425
4426, 4428
4428, 4426
4427, 4429
4429, 4427
4429, 4430
4430, 4429
4431, 4434
4434, 4431
4432, 4434
4434, 4432
4433, 4435
4435, 4433
4434, 4436
4436, 4434
4435, 4437
4437, 4435
4437, 4438
4438, 4437
4443, 4445
4445, 4443
4445, 4447
4447, 4445
4446, 4449
4449, 4446
4447, 4448
4448, 4447
4448, 4450
4450, 4448
4451, 4455
4455, 4451
4453, 4454
4454, 4453
4454, 4456
4456, 4454
4455, 4457
4457, 4455
4456, 4459
4459, 4456
4463, 4465
4465, 4463
4463, 4466
4466, 4463
4464, 4465
4465, 4464
4465, 4468
4468, 4465
4466, 4467
4467, 4466
4467, 4469
4469, 4467
4468, 4470
4470, 4468
4472, 4476
4476, 4472
4473, 4475
4475, 4473
4475, 4478
4478, 4475
4476, 4477
4477, 4476
4477, 4480
4480, 4477
4478, 4479
4479, 4478
4482, 4487
4487, 4482
4483, 4489
4489, 4483
4484, 4488
4488, 4484
4485, 4486
4486, 4485
4487, 4490
4490, 4487
4488, 4490
4490, 4488
4492, 4497
4497, 4492
4493, 4495
4495, 4493
4493, 4496
4496, 4493
4495, 4499
4499, 4495
4496, 4498
4498, 4496
4497, 4500
4500, 4497
4502, 4505
4505, 4502
4503, 4506
4506, 4503
4504, 4506
4506, 4504
4504, 4507
4507, 4504
4505, 4509
4509, 4505
4507, 4508
4508, 4507
4509, 4510
4510, 4509
4513, 4516
4516, 4513
4516, 4518
4518, 4516
4522, 4524
4524, 4522
4523, 4526
4526, 4523
4524, 4527
4527, 4524
4525, 4528
4528, 4525
4526, 4529
4529, 4526
4531, 4534
4534, 4531
4532, 4535
4535, 4532
4533, 4536
4536, 4533
4534, 4537
4537, 4534
4535, 4538
4538, 4535
4537, 4540
4540, 4537
4538, 4539
4539, 4538
4541, 4547
4547, 4541
4544, 4545
4545, 4544
4544, 4546
4546, 4544
4546, 4548
4548, 4546
4547, 4549
4549, 4547
4548, 4550
4550, 4548
4551, 4555
4555, 4551
4552, 4554
4554, 4552
4553, 4556
4556, 4553
4554, 4559
4559, 4554
4561, 4566
4566, 4561
4562, 4564
4564, 4562
4563, 4564
4564, 4563
4563, 4565
4565, 4563
4564, 4567
4567, 4564
4565, 4568
4568, 4565
4566, 4569
4569, 4566
4568, 4570
4570, 4568
4571, 4575
4575, 4571
4572, 4574
4574, 4572
4573, 4574
4574, 4573
4573, 4576
4576, 4573
4574, 4578
4578, 4574
4576, 4577
4577, 4576
4577, 4580
4580, 4577
4578, 4579
4579, 4578
4583, 4585
4585, 4583
4585, 4588
4588, 4585
4586, 4589
4589, 4586
4588, 4590
4590, 4588
4591, 4593
4593, 4591
4592, 4594
4594, 4592
4593, 4595
4595, 4593
4594, 4596
4596, 4594
4595, 4597
4597, 4595
4597, 4599
4599, 4597
4598, 4600
4600, 4598
4602, 4604
4604, 4602
4602, 4605
4605, 4602
4607, 4609
4609, 4607
4609, 4610
4610, 4609
4611, 4616
4616, 4611
4612, 4618
4618, 4612
4613, 4617
4617, 4613
4614, 4615
4615, 4614
4615, 4619
4619, 4615
4617, 4620
4620, 4617
4621, 4625
4625, 4621
4623, 4624
4624, 4623
4625, 4626
4626, 4625
4629, 4630
4630, 4629
4631, 4636
4636, 4631
4642, 4644
4644, 4642
4643, 4645
4645, 4643
4644, 4646
4646, 4644
4645, 4647
4647, 4645
4649, 4650
4650, 4649
4652, 4656
4656, 4652
4652, 4657
4657, 4652
4653, 4656
4656, 4653
4654, 4655
4655, 4654
4655, 4658
4658, 4655
4656, 4659
4659, 4656
4657, 4660
4660, 4657
4661, 4665
4665, 4661
4662, 4667
4667, 4662
4663, 4666
4666, 4663
4664, 4668
4668, 4664
4667, 4669
4669, 4667
4671, 4674
4674, 4671
4672, 4675
4675, 4672
4675, 4677
4677, 4675
4678, 4679
4679, 4678
4679, 4680
4680, 4679
4683, 4684
4684, 4683
4684, 4685
4685, 4684
4685, 4686
4686, 4685
4686, 4687
4687, 4686
4687, 4688
4688, 4687
4688, 4689
4689, 4688
4689, 4690
4690, 4689
4692, 4697
4697, 4692
4693, 4698
4698, 4693
4694, 4699
4699, 4694
4695, 4698
4698, 4695
4702, 4703
4703, 4702
4703, 4705
4705, 4703
4705, 4707
4707, 4705
4706, 4708
4708, 4706
4708, 4709
4709, 4708
4711, 4714
4714, 4711
4712, 4716
4716, 4712
4714, 4717
4717, 4714
4716, 4718
4718, 4716
4717, 4719
4719, 4717
4718, 4719
4719, 4718
4718, 4720
4720, 4718
4722, 4727
4727, 4722
4727, 4729
4729, 4727
4729, 4730
4730, 4729
4732, 4734
4734, 4732
4733, 4735
4735, 4733
4735, 4737
4737, 4735
4736, 4739
4739, 4736
4737, 4738
4738, 4737
4739, 4740
4740, 4739
4742, 4745
4745, 4742
4743, 4744
4744, 4743
4744, 4746
4746, 4744
4745, 4747
4747, 4745
4746, 4749
4749, 4746
4747, 4748
4748, 4747
4749, 4750
4750, 4749
4751, 4754
4754, 4751
4753, 4755
4755, 4753
4756, 4758
4758, 4756
4756, 4759
4759, 4756
4757, 4758
4758, 4757
4759, 4760
4760, 4759
4761, 4765
4765, 4761
4763, 4764
4764, 4763
4765, 4766
4766, 4765
4766, 4767
4767, 4766
4767, 4768
4768, 4767
4768, 4769
4769, 4768
4772, 4775
4775, 4772
4773, 4776
4776, 4773
4774, 4778
4778, 4774
4776, 4777
4777, 4776
4777, 4779
4779, 4777
4778, 4780
4780, 4778
4783, 4785
4785, 4783
4785, 4786
4786, 4785
4786, 4788
4788, 4786
4792, 4795
4795, 4792
4792, 4797
4797, 4792
4793, 4796
4796, 4793
4795, 4799
4799, 4795
4796, 4800
4800, 4796
4797, 4798
4798, 4797
4801, 4805
4805, 4801
4802, 4804
4804, 4802
4803, 4805
4805, 4803
4803, 4806
4806, 4803
4804, 4808
4808, 4804
4805, 4807
4807, 4805
4806, 4809
4809, 4806
4809, 4810
4810, 4809
4811, 4814
4814, 4811
4812, 4814
4814, 4812
4813, 4815
4815, 4813
4815, 4817
4817, 4815
4816, 4818
4818, 4816
4817, 4819
4819, 4817
4822, 4824
4824, 4822
4823, 4825
4825, 4823
4825, 4827
4827, 4825
4827, 4829
4829, 4827
4831, 4836
4836, 4831
4832, 4835
4835, 4832
4833, 4836
4836, 4833
4834, 4837
4837, 4834
4835, 4838
4838, 4835
4836, 4840
4840, 4836
4837, 4839
4839, 4837
4841, 4844
4844, 4841
4844, 4846
4846, 4844
4847, 4848
4848, 4847
4852, 4854
4854, 4852
4854, 4855
4855, 4854
4855, 4856
4856, 4855
4856, 4857
4857, 4856
4857, 4858
4858, 4857
4858, 4859
4859, 4858
4859, 4860
4860, 4859
4861, 4865
4865, 4861
4862, 4864
4864, 4862
4863, 4866
4866, 4863
4864, 4867
4867, 4864
4865, 4869
4869, 4865
4866, 4868
4868, 4866
4868, 4870
4870, 4868
4871, 4875
4875, 4871
4872, 4875
4875, 4872
4872, 4876
4876, 4872
4873, 4874
4874, 4873
4874, 4878
4878, 4874
4875, 4877
4877, 4875
4876, 4879
4879, 4876
4877, 4880
4880, 4877
4879, 4880
4880, 4879
4882, 4885
4885, 4882
4882, 4886
4886, 4882
4883, 4884
4884, 4883
4885, 4888
4888, 4885
4886, 4887
4887, 4886
4886, 4888
4888, 4886
4887, 4890
4890, 4887
4893, 4896
4896, 4893
4895, 4897
4897, 4895
4896, 4898
4898, 4896
4897, 4899
4899, 4897
4898, 4900
4900, 4898
4901, 4903
4903, 4901
4903, 4906
4906, 4903
4905, 4907
4907, 4905
4906, 4908
4908, 4906
4909, 4910
4910, 4909
4911, 4913
4913, 4911
4912, 4914
4914, 4912
4913, 4915
4915, 4913
4914, 4916
4916, 4914
4915, 4917
4917, 4915
4916, 4918
4918, 4916
4917, 4919
4919, 4917
4918, 4920
4920, 4918
4921, 4925
4925, 4921
4921, 4926
4926, 4921
4922, 4925
4925, 4922
4925, 4929
4929, 4925
4926, 4930
4930, 4926
4928, 4930
4930, 4928
4932, 4936
4936, 4932
4933, 4935
4935, 4933
4934, 4936
4936, 4934
4934, 4937
4937, 4934
4935, 4939
4939, 4935
4937, 4938
4938, 4937
4938, 4940
4940, 4938
4939, 4940
4940, 4939
4943, 4944
4944, 4943
4944, 4947
4947, 4944
4947, 4949
4949, 4947
4949, 4950
4950, 4949
4951, 4955
4955, 4951
4952, 4956
4956, 4952
4953, 4954
4954, 4953
4954, 4959
4959, 4954
4955, 4957
4957, 4955
4956, 4957
4957, 4956
4959, 4960
4960, 4959
4961, 4964
4964, 4961
4962, 4963
4963, 4962
4964, 4966
4966, 4964
4965, 4967
4967, 4965
4967, 4968
4968, 4967
4968, 4969
4969, 4968
4971, 4975
4975, 4971
4972, 4974
4974, 4972
4973, 4975
4975, 4973
4973, 4976
4976, 4973
4974, 4977
4977, 4974
4976, 4978
4978, 4976
4978, 4979
4979, 4978
4978, 4980
4980, 4978
4983, 4984
4984, 4983
4986, 4987
4987, 4986
4987, 4988
4988, 4987
4988, 4989
4989, 4988
4989, 4990
4990, 4989
4992, 4994
4994, 4992
4993, 4995
4995, 4993
4995, 4996
4996, 4995
4996, 4997
4997, 4996
4997, 4998
4998, 4997
4998, 4999
4999, 4998
