1, 5
5, 1
3, 4
4, 3
4, 7
7, 4
5, 6
6, 5
6, 8
8, 6
7, 8
8, 7
9, 13
13, 9
10, 13
13, 10
12, 15
15, 12
14, 15
15, 14
14, 16
16, 14
17, 21
21, 17
19, 20
20, 19
21, 23
23, 21
23, 24
24, 23
25, 29
29, 25
26, 28
28, 26
27, 30
30, 27
28, 31
31, 28
30, 32
32, 30
33, 38
38, 33
34, 37
37, 34
35, 38
38, 35
35, 39
39, 35
36, 39
39, 36
36, 40
40, 36
41, 46
46, 41
47, 48
48, 47
49, 53
53, 49
50, 55
55, 50
51, 54
54, 51
52, 53
53, 52
53, 56
56, 53
57, 63
63, 57
58, 63
63, 58
59, 61
61, 59
59, 62
62, 59
60, 61
61, 60
65, 69
69, 65
67, 68
68, 67
68, 71
71, 68
69, 70
70, 69
73, 76
76, 73
74, 78
78, 74
75, 77
77, 75
77, 79
79, 77
83, 86
86, 83
84, 85
85, 84
87, 88
88, 87
90, 95
95, 90
91, 92
92, 91
92, 96
96, 92
93, 94
94, 93
98, 101
101, 98
98, 102
102, 98
99, 100
100, 99
100, 104
104, 100
102, 103
103, 102
105, 108
108, 105
105, 109
109, 105
107, 108
108, 107
109, 111
111, 109
109, 112
112, 109
110, 111
111, 110
113, 117
117, 113
114, 117
117, 114
116, 118
118, 116
116, 119
119, 116
118, 120
120, 118
121, 128
128, 121
123, 126
126, 123
124, 126
126, 124
124, 127
127, 124
130, 133
133, 130
138, 143
143, 138
139, 142
142, 139
140, 141
141, 140
141, 144
144, 141
145, 152
152, 145
147, 150
150, 147
148, 151
151, 148
149, 150
150, 149
153, 157
157, 153
155, 159
159, 155
156, 158
158, 156
157, 160
160, 157
161, 163
163, 161
162, 164
164, 162
164, 165
165, 164
165, 167
167, 165
166, 168
168, 166
170, 174
174, 170
170, 175
175, 170
171, 173
173, 171
172, 174
174, 172
174, 176
176, 174
177, 182
182, 177
179, 182
182, 179
180, 184
184, 180
181, 183
183, 181
186, 189
189, 186
187, 188
188, 187
188, 190
190, 188
189, 191
191, 189
190, 192
192, 190
196, 200
200, 196
197, 198
198, 197
201, 206
206, 201
202, 206
206, 202
203, 207
207, 203
204, 205
205, 204
209, 214
214, 209
212, 213
213, 212
215, 216
216, 215
217, 220
220, 217
218, 221
221, 218
219, 222
222, 219
220, 223
223, 220
222, 224
224, 222
226, 228
228, 226
227, 229
229, 227
230, 231
231, 230
234, 237
237, 234
235, 238
238, 235
237, 239
239, 237
238, 240
240, 238
241, 246
246, 241
242, 247
247, 242
244, 245
245, 244
247, 248
248, 247
250, 251
251, 250
251, 252
252, 251
252, 253
253, 252
253, 254
254, 253
254, 255
255, 254
255, 256
256, 255
257, 261
261, 257
258, 260
260, 258
259, 260
260, 259
260, 263
263, 260
261, 262
262, 261
263, 264
264, 263
267, 272
272, 267
270, 271
271, 270
273, 278
278, 273
274, 278
278, 274
275, 277
277, 275
276, 279
279, 276
277, 280
280, 277
283, 286
286, 283
285, 287
287, 285
286, 288
288, 286
289, 292
292, 289
291, 292
292, 291
291, 293
293, 291
292, 294
294, 292
293, 294
294, 293
294, 295
295, 294
295, 296
296, 295
297, 299
299, 297
297, 300
300, 297
298, 299
299, 298
301, 302
302, 301
302, 303
303, 302
303, 304
304, 303
305, 308
308, 305
308, 309
309, 308
314, 315
315, 314
315, 316
316, 315
316, 317
317, 316
322, 325
325, 322
322, 326
326, 322
323, 325
325, 323
324, 327
327, 324
326, 328
328, 326
330, 332
332, 330
331, 332
332, 331
331, 333
333, 331
332, 334
334, 332
333, 334
334, 333
333, 335
335, 333
335, 336
336, 335
337, 341
341, 337
338, 341
341, 338
338, 343
343, 338
340, 342
342, 340
343, 344
344, 343
345, 350
350, 345
346, 349
349, 346
348, 351
351, 348
349, 352
352, 349
354, 357
357, 354
355, 359
359, 355
356, 357
357, 356
356, 358
358, 356
356, 360
360, 356
361, 363
363, 361
364, 365
365, 364
365, 366
366, 365
366, 367
367, 366
367, 368
368, 367
371, 372
372, 371
372, 376
376, 372
373, 374
374, 373
374, 375
375, 374
377, 382
382, 377
378, 382
382, 378
378, 383
383, 378
379, 384
384, 379
380, 381
381, 380
385, 388
388, 385
386, 390
390, 386
387, 389
389, 387
389, 391
391, 389
390, 392
392, 390
393, 396
396, 393
394, 395
395, 394
395, 398
398, 395
396, 397
397, 396
397, 400
400, 397
402, 403
403, 402
403, 404
404, 403
404, 405
405, 404
405, 406
406, 405
407, 408
408, 407
411, 412
412, 411
412, 413
413, 412
414, 415
415, 414
415, 416
416, 415
417, 420
420, 417
419, 421
421, 419
420, 422
422, 420
421, 423
423, 421
423, 424
424, 423
426, 429
429, 426
427, 430
430, 427
428, 429
429, 428
428, 430
430, 428
428, 431
431, 428
430, 432
432, 430
431, 432
432, 431
436, 440
440, 436
437, 439
439, 437
439, 440
440, 439
441, 444
444, 441
443, 445
445, 443
444, 447
447, 444
445, 447
447, 445
451, 453
453, 451
453, 455
455, 453
454, 456
456, 454
458, 461
461, 458
459, 460
460, 459
460, 462
462, 460
462, 463
463, 462
463, 464
464, 463
465, 468
468, 465
467, 469
469, 467
471, 472
472, 471
474, 476
476, 474
474, 477
477, 474
475, 476
476, 475
476, 479
479, 476
477, 478
478, 477
482, 488
488, 482
483, 486
486, 483
485, 487
487, 485
491, 492
492, 491
492, 493
493, 492
495, 496
496, 495
497, 500
500, 497
498, 501
501, 498
499, 502
502, 499
501, 503
503, 501
502, 504
504, 502
505, 508
508, 505
506, 507
507, 506
507, 510
510, 507
508, 509
509, 508
509, 512
512, 509
510, 511
511, 510
513, 520
520, 513
514, 519
519, 514
516, 518
518, 516
523, 524
524, 523
525, 526
526, 525
526, 527
527, 526
527, 528
528, 527
530, 534
534, 530
531, 533
533, 531
533, 536
536, 533
534, 535
535, 534
538, 539
539, 538
539, 543
543, 539
540, 542
542, 540
543, 544
544, 543
546, 549
549, 546
547, 550
550, 547
548, 549
549, 548
548, 551
551, 548
554, 558
558, 554
555, 559
559, 555
557, 560
560, 557
561, 565
565, 561
563, 564
564, 563
564, 567
567, 564
565, 566
566, 565
567, 568
568, 567
569, 572
572, 569
570, 573
573, 570
571, 574
574, 571
573, 576
576, 573
574, 575
575, 574
577, 581
581, 577
578, 579
579, 578
579, 584
584, 579
580, 582
582, 580
581, 583
583, 581
585, 588
588, 585
586, 590
590, 586
587, 588
588, 587
587, 589
589, 587
588, 591
591, 588
590, 592
592, 590
593, 595
595, 593
595, 596
596, 595
596, 597
597, 596
597, 598
598, 597
598, 599
599, 598
599, 600
600, 599
602, 605
605, 602
603, 604
604, 603
604, 607
607, 604
605, 606
606, 605
609, 612
612, 609
610, 614
614, 610
611, 612
612, 611
612, 616
616, 612
613, 615
615, 613
617, 621
621, 617
618, 621
621, 618
618, 622
622, 618
619, 620
620, 619
620, 624
624, 620
625, 629
629, 625
626, 629
629, 626
626, 630
630, 626
627, 628
628, 627
629, 632
632, 629
630, 631
631, 630
634, 636
636, 634
635, 637
637, 635
637, 638
638, 637
639, 640
640, 639
641, 644
644, 641
641, 645
645, 641
642, 644
644, 642
643, 646
646, 643
644, 647
647, 644
646, 648
648, 646
651, 652
652, 651
652, 654
654, 652
654, 656
656, 654
657, 661
661, 657
658, 661
661, 658
659, 660
660, 659
660, 663
663, 660
661, 662
662, 661
663, 664
664, 663
666, 669
669, 666
667, 670
670, 667
668, 671
671, 668
669, 672
672, 669
673, 675
675, 673
675, 677
677, 675
677, 680
680, 677
681, 684
684, 681
682, 685
685, 682
683, 686
686, 683
684, 688
688, 684
686, 687
687, 686
689, 693
693, 689
690, 692
692, 690
691, 692
692, 691
691, 694
694, 691
692, 696
696, 692
697, 702
702, 697
699, 700
700, 699
700, 704
704, 700
701, 702
702, 701
701, 703
703, 701
705, 708
708, 705
705, 710
710, 705
707, 708
708, 707
708, 712
712, 708
710, 711
711, 710
713, 718
718, 713
716, 719
719, 716
719, 720
720, 719
721, 725
725, 721
721, 726
726, 721
723, 724
724, 723
726, 727
727, 726
726, 728
728, 726
731, 732
732, 731
732, 735
735, 732
733, 735
735, 733
737, 741
741, 737
738, 742
742, 738
739, 740
740, 739
747, 748
748, 747
747, 749
749, 747
749, 750
750, 749
750, 752
752, 750
751, 752
752, 751
753, 757
757, 753
754, 756
756, 754
755, 758
758, 755
756, 759
759, 756
757, 760
760, 757
761, 764
764, 761
762, 765
765, 762
763, 766
766, 763
764, 767
767, 764
765, 768
768, 765
770, 774
774, 770
772, 773
773, 772
773, 776
776, 773
774, 775
775, 774
779, 781
781, 779
779, 783
783, 779
786, 791
791, 786
788, 789
789, 788
790, 792
792, 790
794, 796
796, 794
795, 797
797, 795
796, 799
799, 796
797, 798
798, 797
799, 800
800, 799
803, 804
804, 803
805, 806
806, 805
806, 807
807, 806
807, 808
808, 807
809, 813
813, 809
809, 814
814, 809
812, 813
813, 812
813, 816
816, 813
818, 820
820, 818
820, 823
823, 820
825, 828
828, 825
826, 830
830, 826
827, 829
829, 827
828, 832
832, 828
830, 831
831, 830
835, 836
836, 835
836, 839
839, 836
838, 840
840, 838
841, 845
845, 841
842, 844
844, 842
843, 846
846, 843
845, 848
848, 845
846, 847
847, 846
851, 852
852, 851
852, 855
855, 852
858, 861
861, 858
860, 862
862, 860
860, 863
863, 860
861, 864
864, 861
866, 869
869, 866
867, 868
868, 867
869, 870
870, 869
870, 871
871, 870
871, 872
872, 871
874, 877
877, 874
877, 878
878, 877
878, 880
880, 878
881, 883
883, 881
882, 885
885, 882
884, 886
886, 884
885, 887
887, 885
886, 888
888, 886
890, 894
894, 890
894, 895
895, 894
897, 900
900, 897
898, 902
902, 898
902, 904
904, 902
905, 910
910, 905
913, 917
917, 913
915, 918
918, 915
918, 919
919, 918
921, 927
927, 921
922, 928
928, 922
923, 925
925, 923
924, 926
926, 924
931, 935
935, 931
932, 933
933, 932
934, 936
936, 934
935, 936
936, 935
938, 941
941, 938
939, 940
940, 939
940, 942
942, 940
942, 943
943, 942
943, 944
944, 943
945, 949
949, 945
947, 948
948, 947
948, 951
951, 948
949, 950
950, 949
950, 952
952, 950
953, 957
957, 953
954, 958
958, 954
955, 957
957, 955
956, 959
959, 956
958, 960
960, 958
959, 960
960, 959
962, 967
967, 962
963, 965
965, 963
964, 966
966, 964
966, 968
968, 966
970, 973
973, 970
973, 974
974, 973
973, 975
975, 973
975, 976
976, 975
978, 979
979, 978
979, 980
980, 979
981, 982
982, 981
982, 983
983, 982
983, 984
984, 983
985, 990
990, 985
986, 988
988, 986
987, 989
989, 987
989, 991
991, 989
990, 992
992, 990
995, 997
997, 995
997, 999
999, 997
999, 1000
1000, 999
1003, 1005
1005, 1003
1005, 1006
1006, 1005
1005, 1007
1007, 1005
1006, 1008
1008, 1006
1009, 1012
1012, 1009
1010, 1011
1011, 1010
1011, 1013
1013, 1011
1012, 1013
1013, 1012
1013, 1015
1015, 1013
1018, 1020
1020, 1018
1019, 1022
1022, 1019
1020, 1023
1023, 1020
1021, 1024
1024, 1021
1022, 1024
1024, 1022
1026, 1029
1029, 1026
1027, 1028
1028, 1027
1028, 1031
1031, 1028
1029, 1030
1030, 1029
1030, 1032
1032, 1030
1033, 1037
1037, 1033
1033, 1038
1038, 1033
1036, 1037
1037, 1036
1038, 1040
1040, 1038
1042, 1043
1043, 1042
1043, 1044
1044, 1043
1044, 1045
1045, 1044
1045, 1046
1046, 1045
1046, 1047
1047, 1046
1047, 1048
1048, 1047
1050, 1054
1054, 1050
1051, 1052
1052, 1051
1054, 1055
1055, 1054
1057, 1062
1062, 1057
1058, 1063
1063, 1058
1059, 1062
1062, 1059
1060, 1064
1064, 1060
1061, 1062
1062, 1061
1065, 1070
1070, 1065
1065, 1071
1071, 1065
1066, 1069
1069, 1066
1068, 1070
1070, 1068
1071, 1072
1072, 1071
1073, 1078
1078, 1073
1074, 1076
1076, 1074
1075, 1077
1077, 1075
1077, 1080
1080, 1077
1078, 1079
1079, 1078
1082, 1086
1086, 1082
1083, 1088
1088, 1083
1084, 1085
1085, 1084
1089, 1094
1094, 1089
1090, 1093
1093, 1090
1093, 1095
1095, 1093
1094, 1096
1096, 1094
1097, 1101
1101, 1097
1098, 1101
1101, 1098
1100, 1103
1103, 1100
1103, 1104
1104, 1103
1106, 1110
1110, 1106
1107, 1111
1111, 1107
1108, 1109
1109, 1108
1110, 1112
1112, 1110
1111, 1112
1112, 1111
1113, 1116
1116, 1113
1115, 1117
1117, 1115
1119, 1120
1120, 1119
1122, 1125
1125, 1122
1125, 1127
1127, 1125
1130, 1131
1131, 1130
1131, 1132
1132, 1131
1133, 1134
1134, 1133
1134, 1135
1135, 1134
1135, 1136
1136, 1135
1138, 1140
1140, 1138
1139, 1141
1141, 1139
1139, 1142
1142, 1139
1142, 1143
1143, 1142
1146, 1150
1150, 1146
1147, 1151
1151, 1147
1148, 1150
1150, 1148
1151, 1152
1152, 1151
1153, 1157
1157, 1153
1153, 1158
1158, 1153
1155, 1156
1156, 1155
1158, 1159
1159, 1158
1158, 1160
1160, 1158
1162, 1164
1164, 1162
1163, 1164
1164, 1163
1163, 1165
1165, 1163
1164, 1166
1166, 1164
1165, 1166
1166, 1165
1166, 1167
1167, 1166
1167, 1168
1168, 1167
1170, 1173
1173, 1170
1171, 1175
1175, 1171
1172, 1173
1173, 1172
1172, 1174
1174, 1172
1175, 1176
1176, 1175
1177, 1181
1181, 1177
1178, 1182
1182, 1178
1181, 1183
1183, 1181
1186, 1188
1188, 1186
1187, 1188
1188, 1187
1187, 1189
1189, 1187
1188, 1191
1191, 1188
1189, 1190
1190, 1189
1191, 1192
1192, 1191
1193, 1196
1196, 1193
1194, 1195
1195, 1194
1195, 1197
1197, 1195
1196, 1198
1198, 1196
1197, 1200
1200, 1197
1198, 1199
1199, 1198
1202, 1206
1206, 1202
1203, 1205
1205, 1203
1206, 1208
1208, 1206
1209, 1211
1211, 1209
1209, 1214
1214, 1209
1212, 1213
1213, 1212
1213, 1215
1215, 1213
1214, 1215
1215, 1214
1214, 1216
1216, 1214
1217, 1219
1219, 1217
1218, 1220
1220, 1218
1220, 1223
1223, 1220
1223, 1224
1224, 1223
1225, 1228
1228, 1225
1227, 1229
1229, 1227
1229, 1231
1231, 1229
1230, 1232
1232, 1230
1233, 1237
1237, 1233
1235, 1236
1236, 1235
1236, 1239
1239, 1236
1237, 1238
1238, 1237
1241, 1246
1246, 1241
1244, 1245
1245, 1244
1251, 1252
1252, 1251
1252, 1255
1255, 1252
1255, 1256
1256, 1255
1257, 1261
1261, 1257
1258, 1260
1260, 1258
1261, 1264
1264, 1261
1265, 1268
1268, 1265
1266, 1269
1269, 1266
1270, 1271
1271, 1270
1275, 1278
1278, 1275
1278, 1280
1280, 1278
1279, 1280
1280, 1279
1282, 1285
1285, 1282
1284, 1286
1286, 1284
1285, 1287
1287, 1285
1286, 1288
1288, 1286
1289, 1295
1295, 1289
1290, 1292
1292, 1290
1291, 1293
1293, 1291
1292, 1296
1296, 1292
1297, 1300
1300, 1297
1298, 1299
1299, 1298
1300, 1303
1303, 1300
1301, 1302
1302, 1301
1302, 1304
1304, 1302
1308, 1311
1311, 1308
1309, 1310
1310, 1309
1310, 1312
1312, 1310
1313, 1317
1317, 1313
1315, 1318
1318, 1315
1316, 1319
1319, 1316
1318, 1320
1320, 1318
1321, 1324
1324, 1321
1322, 1326
1326, 1322
1323, 1324
1324, 1323
1323, 1325
1325, 1323
1324, 1328
1328, 1324
1325, 1327
1327, 1325
1330, 1333
1333, 1330
1331, 1332
1332, 1331
1332, 1335
1335, 1332
1338, 1340
1340, 1338
1338, 1341
1341, 1338
1339, 1342
1342, 1339
1340, 1343
1343, 1340
1341, 1344
1344, 1341
1346, 1350
1350, 1346
1347, 1351
1351, 1347
1348, 1351
1351, 1348
1349, 1351
1351, 1349
1349, 1352
1352, 1349
1353, 1357
1357, 1353
1356, 1358
1358, 1356
1356, 1359
1359, 1356
1359, 1360
1360, 1359
1363, 1364
1364, 1363
1364, 1365
1365, 1364
1365, 1366
1366, 1365
1366, 1367
1367, 1366
1369, 1374
1374, 1369
1371, 1373
1373, 1371
1374, 1376
1376, 1374
1377, 1381
1381, 1377
1378, 1380
1380, 1378
1379, 1381
1381, 1379
1379, 1382
1382, 1379
1380, 1383
1383, 1380
1382, 1384
1384, 1382
1385, 1387
1387, 1385
1386, 1388
1388, 1386
1387, 1389
1389, 1387
1388, 1390
1390, 1388
1389, 1392
1392, 1389
1390, 1391
1391, 1390
1393, 1397
1397, 1393
1395, 1396
1396, 1395
1396, 1398
1398, 1396
1398, 1399
1399, 1398
1399, 1400
1400, 1399
1401, 1405
1405, 1401
1403, 1404
1404, 1403
1404, 1406
1406, 1404
1404, 1407
1407, 1404
1407, 1408
1408, 1407
1409, 1414
1414, 1409
1412, 1413
1413, 1412
1413, 1415
1415, 1413
1415, 1416
1416, 1415
1417, 1421
1421, 1417
1419, 1420
1420, 1419
1420, 1422
1422, 1420
1420, 1423
1423, 1420
1421, 1422
1422, 1421
1423, 1424
1424, 1423
1425, 1428
1428, 1425
1426, 1427
1427, 1426
1427, 1429
1429, 1427
1433, 1437
1437, 1433
1435, 1436
1436, 1435
1436, 1438
1438, 1436
1436, 1439
1439, 1436
1437, 1438
1438, 1437
1439, 1440
1440, 1439
1441, 1445
1445, 1441
1442, 1444
1444, 1442
1443, 1444
1444, 1443
1443, 1445
1445, 1443
1443, 1446
1446, 1443
1445, 1447
1447, 1445
1446, 1448
1448, 1446
1449, 1453
1453, 1449
1449, 1454
1454, 1449
1450, 1452
1452, 1450
1452, 1456
1456, 1452
1454, 1455
1455, 1454
1458, 1461
1461, 1458
1461, 1462
1462, 1461
1465, 1471
1471, 1465
1465, 1472
1472, 1465
1467, 1469
1469, 1467
1468, 1470
1470, 1468
1476, 1477
1477, 1476
1477, 1480
1480, 1477
1478, 1479
1479, 1478
1482, 1484
1484, 1482
1483, 1485
1485, 1483
1485, 1487
1487, 1485
1489, 1494
1494, 1489
1490, 1493
1493, 1490
1492, 1495
1495, 1492
1493, 1496
1496, 1493
1498, 1501
1501, 1498
1499, 1500
1500, 1499
1500, 1502
1502, 1500
1501, 1503
1503, 1501
1503, 1504
1504, 1503
1505, 1510
1510, 1505
1507, 1508
1508, 1507
1509, 1511
1511, 1509
1510, 1512
1512, 1510
1511, 1512
1512, 1511
1514, 1516
1516, 1514
1515, 1517
1517, 1515
1516, 1520
1520, 1516
1517, 1519
1519, 1517
1523, 1526
1526, 1523
1524, 1528
1528, 1524
1525, 1527
1527, 1525
1530, 1532
1532, 1530
1532, 1534
1534, 1532
1534, 1536
1536, 1534
1539, 1542
1542, 1539
1540, 1541
1541, 1540
1542, 1544
1544, 1542
1547, 1552
1552, 1547
1549, 1551
1551, 1549
1554, 1557
1557, 1554
1555, 1557
1557, 1555
1556, 1558
1558, 1556
1557, 1560
1560, 1557
1558, 1559
1559, 1558
1562, 1566
1566, 1562
1564, 1565
1565, 1564
1566, 1567
1567, 1566
1567, 1568
1568, 1567
1569, 1572
1572, 1569
1573, 1575
1575, 1573
1578, 1580
1580, 1578
1579, 1581
1581, 1579
1581, 1582
1582, 1581
1582, 1584
1584, 1582
1585, 1588
1588, 1585
1586, 1587
1587, 1586
1587, 1590
1590, 1587
1589, 1592
1592, 1589
1590, 1591
1591, 1590
1593, 1596
1596, 1593
1594, 1597
1597, 1594
1595, 1596
1596, 1595
1595, 1598
1598, 1595
1597, 1600
1600, 1597
1598, 1599
1599, 1598
1598, 1600
1600, 1598
1603, 1605
1605, 1603
1604, 1606
1606, 1604
1605, 1607
1607, 1605
1606, 1608
1608, 1606
1610, 1615
1615, 1610
1611, 1616
1616, 1611
1612, 1614
1614, 1612
1613, 1615
1615, 1613
1619, 1622
1622, 1619
1620, 1621
1621, 1620
1625, 1629
1629, 1625
1625, 1630
1630, 1625
1626, 1629
1629, 1626
1628, 1632
1632, 1628
1630, 1631
1631, 1630
1630, 1632
1632, 1630
1633, 1637
1637, 1633
1635, 1636
1636, 1635
1636, 1638
1638, 1636
1636, 1639
1639, 1636
1641, 1646
1646, 1641
1641, 1647
1647, 1641
1642, 1645
1645, 1642
1645, 1648
1648, 1645
1652, 1653
1653, 1652
1653, 1656
1656, 1653
1654, 1655
1655, 1654
1658, 1661
1661, 1658
1659, 1662
1662, 1659
1660, 1663
1663, 1660
1663, 1664
1664, 1663
1667, 1670
1670, 1667
1670, 1671
1671, 1670
1671, 1672
1672, 1671
1674, 1679
1679, 1674
1676, 1678
1678, 1676
1678, 1680
1680, 1678
1679, 1680
1680, 1679
1682, 1684
1684, 1682
1682, 1686
1686, 1682
1683, 1684
1684, 1683
1686, 1687
1687, 1686
1686, 1688
1688, 1686
1689, 1692
1692, 1689
1690, 1693
1693, 1690
1692, 1694
1694, 1692
1694, 1695
1695, 1694
1695, 1696
1696, 1695
1697, 1702
1702, 1697
1700, 1701
1701, 1700
1702, 1704
1704, 1702
1706, 1708
1708, 1706
1707, 1709
1709, 1707
1708, 1710
1710, 1708
1709, 1711
1711, 1709
1710, 1712
1712, 1710
1714, 1716
1716, 1714
1716, 1717
1717, 1716
1717, 1718
1718, 1717
1718, 1719
1719, 1718
1719, 1720
1720, 1719
1722, 1724
1724, 1722
1724, 1725
1725, 1724
1725, 1726
1726, 1725
1726, 1727
1727, 1726
1727, 1728
1728, 1727
1729, 1733
1733, 1729
1731, 1732
1732, 1731
1733, 1734
1734, 1733
1734, 1735
1735, 1734
1735, 1736
1736, 1735
1737, 1741
1741, 1737
1738, 1742
1742, 1738
1739, 1743
1743, 1739
1740, 1744
1744, 1740
1745, 1748
1748, 1745
1747, 1749
1749, 1747
1753, 1757
1757, 1753
1754, 1757
1757, 1754
1755, 1758
1758, 1755
1756, 1758
1758, 1756
1761, 1765
1765, 1761
1762, 1764
1764, 1762
1764, 1766
1766, 1764
1765, 1767
1767, 1765
1767, 1768
1768, 1767
1769, 1773
1773, 1769
1771, 1774
1774, 1771
1777, 1781
1781, 1777
1781, 1784
1784, 1781
1786, 1790
1790, 1786
1787, 1788
1788, 1787
1787, 1791
1791, 1787
1794, 1796
1796, 1794
1795, 1798
1798, 1795
1798, 1799
1799, 1798
1798, 1800
1800, 1798
1802, 1805
1805, 1802
1803, 1804
1804, 1803
1807, 1808
1808, 1807
1810, 1813
1813, 1810
1811, 1812
1812, 1811
1812, 1815
1815, 1812
1813, 1814
1814, 1813
1815, 1816
1816, 1815
1817, 1821
1821, 1817
1818, 1822
1822, 1818
1818, 1823
1823, 1818
1819, 1824
1824, 1819
1820, 1821
1821, 1820
1820, 1822
1822, 1820
1826, 1831
1831, 1826
1828, 1830
1830, 1828
1829, 1832
1832, 1829
1831, 1832
1832, 1831
1833, 1836
1836, 1833
1835, 1837
1837, 1835
1836, 1838
1838, 1836
1837, 1839
1839, 1837
1838, 1840
1840, 1838
1841, 1845
1845, 1841
1843, 1846
1846, 1843
1844, 1845
1845, 1844
1844, 1847
1847, 1844
1846, 1848
1848, 1846
1849, 1852
1852, 1849
1850, 1854
1854, 1850
1851, 1853
1853, 1851
1852, 1855
1855, 1852
1854, 1856
1856, 1854
1858, 1864
1864, 1858
1860, 1862
1862, 1860
1861, 1864
1864, 1861
1866, 1871
1871, 1866
1867, 1869
1869, 1867
1868, 1870
1870, 1868
1869, 1872
1872, 1869
1874, 1877
1877, 1874
1875, 1876
1876, 1875
1875, 1878
1878, 1875
1878, 1880
1880, 1878
1882, 1884
1884, 1882
1883, 1885
1885, 1883
1884, 1887
1887, 1884
1885, 1886
1886, 1885
1889, 1892
1892, 1889
1891, 1893
1893, 1891
1892, 1894
1894, 1892
1893, 1895
1895, 1893
1894, 1896
1896, 1894
1897, 1901
1901, 1897
1897, 1903
1903, 1897
1898, 1901
1901, 1898
1899, 1902
1902, 1899
1900, 1902
1902, 1900
1900, 1904
1904, 1900
1905, 1909
1909, 1905
1906, 1909
1909, 1906
1907, 1911
1911, 1907
1909, 1912
1912, 1909
1913, 1917
1917, 1913
1916, 1919
1919, 1916
1919, 1920
1920, 1919
1922, 1927
1927, 1922
1923, 1926
1926, 1923
1924, 1925
1925, 1924
1929, 1933
1933, 1929
1930, 1936
1936, 1930
1931, 1934
1934, 1931
1932, 1935
1935, 1932
1937, 1941
1941, 1937
1938, 1942
1942, 1938
1939, 1940
1940, 1939
1940, 1944
1944, 1940
1941, 1943
1943, 1941
1945, 1948
1948, 1945
1947, 1949
1949, 1947
1950, 1951
1951, 1950
1955, 1957
1957, 1955
1956, 1958
1958, 1956
1958, 1959
1959, 1958
1959, 1960
1960, 1959
1963, 1965
1965, 1963
1966, 1967
1967, 1966
1969, 1973
1973, 1969
1972, 1975
1975, 1972
1973, 1974
1974, 1973
1975, 1976
1976, 1975
1978, 1982
1982, 1978
1979, 1981
1981, 1979
1980, 1983
1983, 1980
1981, 1984
1984, 1981
1985, 1992
1992, 1985
1988, 1991
1991, 1988
1989, 1990
1990, 1989
1994, 1997
1997, 1994
1995, 1998
1998, 1995
1996, 1999
1999, 1996
2003, 2004
2004, 2003
2005, 2006
2006, 2005
2009, 2012
2012, 2009
2010, 2011
2011, 2010
2011, 2013
2013, 2011
2011, 2014
2014, 2011
2013, 2016
2016, 2013
2014, 2015
2015, 2014
2018, 2020
2020, 2018
2019, 2021
2021, 2019
2019, 2022
2022, 2019
2020, 2023
2023, 2020
2021, 2024
2024, 2021
2022, 2023
2023, 2022
2026, 2028
2028, 2026
2027, 2029
2029, 2027
2028, 2030
2030, 2028
2029, 2030
2030, 2029
2033, 2035
2035, 2033
2035, 2038
2038, 2035
2041, 2045
2045, 2041
2042, 2044
2044, 2042
2043, 2045
2045, 2043
2044, 2047
2047, 2044
2047, 2048
2048, 2047
2052, 2053
2053, 2052
2057, 2061
2061, 2057
2060, 2062
2062, 2060
2062, 2064
2064, 2062
2067, 2069
2069, 2067
2067, 2071
2071, 2067
2069, 2072
2072, 2069
2071, 2072
2072, 2071
2074, 2076
2076, 2074
2074, 2077
2077, 2074
2076, 2079
2079, 2076
2077, 2078
2078, 2077
2081, 2084
2084, 2081
2082, 2085
2085, 2082
2083, 2084
2084, 2083
2084, 2086
2086, 2084
2085, 2087
2087, 2085
2089, 2092
2092, 2089
2090, 2091
2091, 2090
2091, 2093
2093, 2091
2092, 2094
2094, 2092
2093, 2095
2095, 2093
2099, 2101
2101, 2099
2101, 2103
2103, 2101
2102, 2104
2104, 2102
2106, 2108
2108, 2106
2107, 2109
2109, 2107
2108, 2110
2110, 2108
2109, 2111
2111, 2109
2110, 2112
2112, 2110
2114, 2120
2120, 2114
2117, 2118
2118, 2117
2117, 2119
2119, 2117
2122, 2124
2124, 2122
2123, 2125
2125, 2123
2125, 2127
2127, 2125
2127, 2128
2128, 2127
2129, 2132
2132, 2129
2131, 2132
2132, 2131
2131, 2133
2133, 2131
2131, 2134
2134, 2131
2132, 2136
2136, 2132
2133, 2135
2135, 2133
2134, 2135
2135, 2134
2138, 2141
2141, 2138
2139, 2143
2143, 2139
2140, 2141
2141, 2140
2140, 2142
2142, 2140
2141, 2144
2144, 2141
2142, 2144
2144, 2142
2145, 2148
2148, 2145
2146, 2148
2148, 2146
2150, 2152
2152, 2150
2153, 2157
2157, 2153
2154, 2158
2158, 2154
2156, 2157
2157, 2156
2159, 2160
2160, 2159
2163, 2167
2167, 2163
2165, 2166
2166, 2165
2166, 2168
2168, 2166
2170, 2173
2173, 2170
2171, 2172
2172, 2171
2172, 2175
2175, 2172
2173, 2174
2174, 2173
2175, 2176
2176, 2175
2178, 2180
2180, 2178
2179, 2181
2181, 2179
2180, 2183
2183, 2180
2181, 2182
2182, 2181
2182, 2184
2184, 2182
2185, 2188
2188, 2185
2186, 2189
2189, 2186
2187, 2190
2190, 2187
2189, 2191
2191, 2189
2193, 2199
2199, 2193
2194, 2197
2197, 2194
2196, 2200
2200, 2196
2202, 2205
2205, 2202
2203, 2207
2207, 2203
2204, 2205
2205, 2204
2204, 2206
2206, 2204
2207, 2208
2208, 2207
2210, 2211
2211, 2210
2210, 2212
2212, 2210
2212, 2213
2213, 2212
2212, 2214
2214, 2212
2214, 2215
2215, 2214
2215, 2216
2216, 2215
2217, 2222
2222, 2217
2218, 2220
2220, 2218
2219, 2221
2221, 2219
2220, 2223
2223, 2220
2222, 2224
2224, 2222
2225, 2229
2229, 2225
2226, 2231
2231, 2226
2228, 2230
2230, 2228
2229, 2232
2232, 2229
2234, 2236
2236, 2234
2239, 2240
2240, 2239
2241, 2245
2245, 2241
2242, 2245
2245, 2242
2243, 2246
2246, 2243
2246, 2248
2248, 2246
2250, 2251
2251, 2250
2251, 2252
2252, 2251
2252, 2253
2253, 2252
2253, 2254
2254, 2253
2255, 2256
2256, 2255
2257, 2262
2262, 2257
2258, 2262
2262, 2258
2259, 2261
2261, 2259
2260, 2263
2263, 2260
2261, 2264
2264, 2261
2262, 2264
2264, 2262
2266, 2268
2268, 2266
2267, 2269
2269, 2267
2268, 2271
2271, 2268
2269, 2272
2272, 2269
2274, 2278
2278, 2274
2276, 2277
2277, 2276
2278, 2279
2279, 2278
2282, 2284
2284, 2282
2283, 2285
2285, 2283
2284, 2287
2287, 2284
2285, 2286
2286, 2285
2286, 2288
2288, 2286
2291, 2293
2293, 2291
2291, 2294
2294, 2291
2292, 2295
2295, 2292
2294, 2296
2296, 2294
2297, 2300
2300, 2297
2299, 2301
2301, 2299
2301, 2303
2303, 2301
2301, 2304
2304, 2301
2306, 2310
2310, 2306
2307, 2312
2312, 2307
2313, 2317
2317, 2313
2315, 2318
2318, 2315
2316, 2318
2318, 2316
2316, 2319
2319, 2316
2317, 2320
2320, 2317
2322, 2324
2324, 2322
2324, 2325
2325, 2324
2325, 2326
2326, 2325
2326, 2327
2327, 2326
2327, 2328
2328, 2327
2329, 2334
2334, 2329
2330, 2332
2332, 2330
2331, 2333
2333, 2331
2333, 2335
2335, 2333
2337, 2342
2342, 2337
2338, 2343
2343, 2338
2341, 2344
2344, 2341
2345, 2347
2347, 2345
2345, 2348
2348, 2345
2348, 2350
2350, 2348
2350, 2351
2351, 2350
2354, 2358
2358, 2354
2356, 2357
2357, 2356
2358, 2359
2359, 2358
2359, 2360
2360, 2359
2362, 2366
2366, 2362
2364, 2365
2365, 2364
2365, 2368
2368, 2365
2370, 2374
2374, 2370
2372, 2376
2376, 2372
2374, 2375
2375, 2374
2377, 2382
2382, 2377
2379, 2383
2383, 2379
2380, 2381
2381, 2380
2381, 2384
2384, 2381
2383, 2384
2384, 2383
2386, 2389
2389, 2386
2387, 2388
2388, 2387
2388, 2390
2390, 2388
2390, 2392
2392, 2390
2394, 2398
2398, 2394
2395, 2398
2398, 2395
2395, 2399
2399, 2395
2396, 2397
2397, 2396
2399, 2400
2400, 2399
2402, 2405
2405, 2402
2403, 2406
2406, 2403
2404, 2407
2407, 2404
2406, 2408
2408, 2406
2412, 2413
2413, 2412
2413, 2415
2415, 2413
2414, 2416
2416, 2414
2417, 2421
2421, 2417
2418, 2419
2419, 2418
2419, 2423
2423, 2419
2421, 2424
2424, 2421
2426, 2429
2429, 2426
2427, 2431
2431, 2427
2428, 2430
2430, 2428
2430, 2432
2432, 2430
2433, 2437
2437, 2433
2435, 2436
2436, 2435
2436, 2438
2438, 2436
2437, 2439
2439, 2437
2439, 2440
2440, 2439
2441, 2445
2445, 2441
2441, 2447
2447, 2441
2442, 2445
2445, 2442
2444, 2446
2446, 2444
2449, 2453
2453, 2449
2450, 2454
2454, 2450
2451, 2454
2454, 2451
2452, 2455
2455, 2452
2455, 2456
2456, 2455
2457, 2460
2460, 2457
2458, 2460
2460, 2458
2459, 2461
2461, 2459
2461, 2462
2462, 2461
2462, 2464
2464, 2462
2467, 2471
2471, 2467
2468, 2470
2470, 2468
2474, 2479
2479, 2474
2475, 2477
2477, 2475
2476, 2478
2478, 2476
2477, 2480
2480, 2477
2478, 2480
2480, 2478
2482, 2485
2485, 2482
2483, 2484
2484, 2483
2484, 2486
2486, 2484
2485, 2487
2487, 2485
2487, 2488
2488, 2487
2490, 2495
2495, 2490
2491, 2493
2493, 2491
2492, 2494
2494, 2492
2497, 2500
2500, 2497
2498, 2501
2501, 2498
2499, 2502
2502, 2499
2501, 2504
2504, 2501
2502, 2503
2503, 2502
2506, 2511
2511, 2506
2508, 2509
2509, 2508
2509, 2512
2512, 2509
2514, 2517
2517, 2514
2516, 2518
2518, 2516
2517, 2519
2519, 2517
2517, 2520
2520, 2517
2521, 2525
2525, 2521
2523, 2524
2524, 2523
2524, 2526
2526, 2524
2529, 2532
2532, 2529
2530, 2533
2533, 2530
2531, 2533
2533, 2531
2531, 2534
2534, 2531
2534, 2535
2535, 2534
2537, 2540
2540, 2537
2541, 2542
2542, 2541
2541, 2543
2543, 2541
2543, 2544
2544, 2543
2545, 2550
2550, 2545
2550, 2551
2551, 2550
2553, 2555
2555, 2553
2554, 2556
2556, 2554
2556, 2557
2557, 2556
2557, 2559
2559, 2557
2558, 2559
2559, 2558
2558, 2560
2560, 2558
2561, 2565
2565, 2561
2562, 2563
2563, 2562
2563, 2567
2567, 2563
2564, 2566
2566, 2564
2565, 2568
2568, 2565
2569, 2574
2574, 2569
2572, 2573
2573, 2572
2573, 2575
2575, 2573
2574, 2576
2576, 2574
2578, 2579
2579, 2578
2579, 2582
2582, 2579
2582, 2583
2583, 2582
2586, 2588
2588, 2586
2587, 2589
2589, 2587
2588, 2590
2590, 2588
2588, 2591
2591, 2588
2591, 2592
2592, 2591
2593, 2597
2597, 2593
2594, 2596
2596, 2594
2595, 2596
2596, 2595
2596, 2599
2599, 2596
2597, 2600
2600, 2597
2598, 2599
2599, 2598
2601, 2603
2603, 2601
2602, 2604
2604, 2602
2603, 2606
2606, 2603
2604, 2605
2605, 2604
2605, 2607
2607, 2605
2606, 2608
2608, 2606
2609, 2613
2613, 2609
2613, 2614
2614, 2613
2615, 2616
2616, 2615
2618, 2620
2620, 2618
2619, 2621
2621, 2619
2623, 2624
2624, 2623
2626, 2629
2629, 2626
2627, 2628
2628, 2627
2628, 2631
2631, 2628
2629, 2630
2630, 2629
2631, 2632
2632, 2631
2634, 2636
2636, 2634
2635, 2637
2637, 2635
2635, 2638
2638, 2635
2637, 2640
2640, 2637
2638, 2639
2639, 2638
2642, 2646
2646, 2642
2643, 2647
2647, 2643
2644, 2645
2645, 2644
2649, 2654
2654, 2649
2650, 2651
2651, 2650
2651, 2655
2655, 2651
2652, 2653
2653, 2652
2653, 2656
2656, 2653
2654, 2656
2656, 2654
2657, 2662
2662, 2657
2658, 2661
2661, 2658
2659, 2660
2660, 2659
2660, 2664
2664, 2660
2662, 2663
2663, 2662
2665, 2669
2669, 2665
2667, 2668
2668, 2667
2668, 2670
2670, 2668
2669, 2671
2671, 2669
2671, 2672
2672, 2671
2674, 2677
2677, 2674
2675, 2677
2677, 2675
2676, 2678
2678, 2676
2678, 2679
2679, 2678
2681, 2684
2684, 2681
2682, 2685
2685, 2682
2684, 2687
2687, 2684
2689, 2695
2695, 2689
2690, 2694
2694, 2690
2691, 2694
2694, 2691
2692, 2695
2695, 2692
2693, 2696
2696, 2693
2698, 2701
2701, 2698
2700, 2702
2702, 2700
2701, 2703
2703, 2701
2705, 2709
2709, 2705
2705, 2710
2710, 2705
2706, 2708
2708, 2706
2708, 2712
2712, 2708
2710, 2711
2711, 2710
2713, 2716
2716, 2713
2714, 2716
2716, 2714
2714, 2717
2717, 2714
2716, 2718
2718, 2716
2717, 2719
2719, 2717
2719, 2720
2720, 2719
2722, 2724
2724, 2722
2723, 2725
2725, 2723
2724, 2726
2726, 2724
2726, 2728
2728, 2726
2730, 2733
2733, 2730
2738, 2743
2743, 2738
2740, 2744
2744, 2740
2745, 2748
2748, 2745
2746, 2749
2749, 2746
2747, 2750
2750, 2747
2748, 2751
2751, 2748
2753, 2756
2756, 2753
2754, 2755
2755, 2754
2755, 2758
2758, 2755
2758, 2759
2759, 2758
2762, 2763
2763, 2762
2763, 2764
2764, 2763
2764, 2768
2768, 2764
2765, 2766
2766, 2765
2766, 2767
2767, 2766
2769, 2772
2772, 2769
2771, 2774
2774, 2771
2772, 2776
2776, 2772
2774, 2775
2775, 2774
2777, 2781
2781, 2777
2778, 2782
2782, 2778
2780, 2783
2783, 2780
2781, 2784
2784, 2781
2782, 2784
2784, 2782
2787, 2788
2788, 2787
2788, 2789
2789, 2788
2789, 2790
2790, 2789
2790, 2791
2791, 2790
2791, 2792
2792, 2791
2793, 2796
2796, 2793
2793, 2798
2798, 2793
2795, 2798
2798, 2795
2796, 2799
2799, 2796
2797, 2800
2800, 2797
2801, 2805
2805, 2801
2802, 2807
2807, 2802
2804, 2806
2806, 2804
2805, 2808
2808, 2805
2810, 2813
2813, 2810
2810, 2815
2815, 2810
2812, 2813
2813, 2812
2813, 2816
2816, 2813
2817, 2820
2820, 2817
2818, 2821
2821, 2818
2819, 2822
2822, 2819
2820, 2824
2824, 2820
2822, 2823
2823, 2822
2825, 2830
2830, 2825
2826, 2830
2830, 2826
2827, 2828
2828, 2827
2828, 2832
2832, 2828
2829, 2831
2831, 2829
2833, 2837
2837, 2833
2835, 2836
2836, 2835
2836, 2839
2839, 2836
2841, 2844
2844, 2841
2842, 2846
2846, 2842
2844, 2847
2847, 2844
2846, 2847
2847, 2846
2849, 2852
2852, 2849
2852, 2854
2854, 2852
2855, 2856
2856, 2855
2858, 2860
2860, 2858
2859, 2861
2861, 2859
2860, 2862
2862, 2860
2865, 2870
2870, 2865
2866, 2869
2869, 2866
2867, 2868
2868, 2867
2869, 2872
2872, 2869
2870, 2871
2871, 2870
2874, 2877
2877, 2874
2875, 2876
2876, 2875
2878, 2880
2880, 2878
2881, 2884
2884, 2881
2882, 2885
2885, 2882
2883, 2886
2886, 2883
2885, 2887
2887, 2885
2890, 2892
2892, 2890
2890, 2893
2893, 2890
2891, 2894
2894, 2891
2893, 2896
2896, 2893
2894, 2896
2896, 2894
2898, 2901
2901, 2898
2899, 2900
2900, 2899
2900, 2902
2902, 2900
2901, 2903
2903, 2901
2903, 2904
2904, 2903
2905, 2910
2910, 2905
2908, 2912
2912, 2908
2910, 2911
2911, 2910
2914, 2917
2917, 2914
2915, 2916
2916, 2915
2916, 2919
2919, 2916
2917, 2918
2918, 2917
2918, 2920
2920, 2918
2921, 2926
2926, 2921
2922, 2925
2925, 2922
2925, 2927
2927, 2925
2930, 2933
2933, 2930
2931, 2934
2934, 2931
2932, 2933
2933, 2932
2933, 2936
2936, 2933
2934, 2935
2935, 2934
2937, 2940
2940, 2937
2939, 2941
2941, 2939
2940, 2942
2942, 2940
2940, 2943
2943, 2940
2941, 2942
2942, 2941
2943, 2944
2944, 2943
2946, 2947
2947, 2946
2950, 2951
2951, 2950
2953, 2955
2955, 2953
2953, 2956
2956, 2953
2954, 2955
2955, 2954
2955, 2957
2957, 2955
2957, 2960
2960, 2957
2963, 2964
2964, 2963
2964, 2965
2965, 2964
2965, 2966
2966, 2965
2966, 2967
2967, 2966
2967, 2968
2968, 2967
2969, 2974
2974, 2969
2970, 2972
2972, 2970
2972, 2976
2976, 2972
2973, 2975
2975, 2973
2974, 2976
2976, 2974
2979, 2981
2981, 2979
2980, 2982
2982, 2980
2981, 2984
2984, 2981
2982, 2983
2983, 2982
2985, 2992
2992, 2985
2990, 2991
2991, 2990
2993, 2998
2998, 2993
2994, 2996
2996, 2994
2995, 2996
2996, 2995
2995, 2997
2997, 2995
2996, 3000
3000, 2996
2997, 2999
2999, 2997
2998, 2999
2999, 2998
3001, 3003
3003, 3001
3002, 3003
3003, 3002
3007, 3008
3008, 3007
3009, 3012
3012, 3009
3010, 3011
3011, 3010
3011, 3014
3014, 3011
3014, 3016
3016, 3014
3017, 3022
3022, 3017
3018, 3020
3020, 3018
3021, 3023
3023, 3021
3023, 3024
3024, 3023
3025, 3028
3028, 3025
3027, 3028
3028, 3027
3027, 3029
3029, 3027
3028, 3030
3030, 3028
3029, 3031
3031, 3029
3030, 3032
3032, 3030
3033, 3036
3036, 3033
3034, 3035
3035, 3034
3036, 3038
3038, 3036
3037, 3040
3040, 3037
3038, 3039
3039, 3038
3042, 3045
3045, 3042
3043, 3044
3044, 3043
3044, 3047
3047, 3044
3045, 3046
3046, 3045
3047, 3048
3048, 3047
3049, 3054
3054, 3049
3050, 3053
3053, 3050
3051, 3054
3054, 3051
3051, 3055
3055, 3051
3052, 3053
3053, 3052
3053, 3056
3056, 3053
3058, 3060
3060, 3058
3059, 3061
3061, 3059
3061, 3062
3062, 3061
3065, 3069
3069, 3065
3065, 3070
3070, 3065
3066, 3069
3069, 3066
3069, 3072
3072, 3069
3070, 3071
3071, 3070
3073, 3077
3077, 3073
3075, 3076
3076, 3075
3076, 3078
3078, 3076
3079, 3080
3080, 3079
3082, 3086
3086, 3082
3083, 3085
3085, 3083
3084, 3085
3085, 3084
3085, 3088
3088, 3085
3086, 3087
3087, 3086
3092, 3094
3094, 3092
3094, 3096
3096, 3094
3097, 3103
3103, 3097
3100, 3102
3102, 3100
3102, 3104
3104, 3102
3106, 3110
3110, 3106
3108, 3110
3110, 3108
3109, 3111
3111, 3109
3114, 3116
3116, 3114
3115, 3117
3117, 3115
3117, 3119
3119, 3117
3119, 3120
3120, 3119
3122, 3127
3127, 3122
3124, 3128
3128, 3124
3129, 3132
3132, 3129
3132, 3135
3135, 3132
3139, 3140
3140, 3139
3141, 3143
3143, 3141
3142, 3144
3144, 3142
3145, 3150
3150, 3145
3146, 3151
3151, 3146
3147, 3149
3149, 3147
3148, 3152
3152, 3148
3153, 3159
3159, 3153
3154, 3157
3157, 3154
3156, 3158
3158, 3156
3158, 3160
3160, 3158
3161, 3163
3163, 3161
3162, 3165
3165, 3162
3164, 3166
3166, 3164
3165, 3167
3167, 3165
3169, 3175
3175, 3169
3170, 3173
3173, 3170
3171, 3172
3172, 3171
3174, 3176
3176, 3174
3177, 3180
3180, 3177
3177, 3181
3181, 3177
3179, 3180
3180, 3179
3180, 3183
3183, 3180
3181, 3182
3182, 3181
3183, 3184
3184, 3183
3186, 3191
3191, 3186
3187, 3190
3190, 3187
3191, 3192
3192, 3191
3194, 3197
3197, 3194
3194, 3199
3199, 3194
3195, 3197
3197, 3195
3199, 3200
3200, 3199
3204, 3206
3206, 3204
3205, 3207
3207, 3205
3207, 3208
3208, 3207
3209, 3215
3215, 3209
3210, 3214
3214, 3210
3211, 3213
3213, 3211
3212, 3213
3213, 3212
3217, 3221
3221, 3217
3218, 3220
3220, 3218
3218, 3222
3222, 3218
3220, 3224
3224, 3220
3221, 3223
3223, 3221
3222, 3224
3224, 3222
3225, 3227
3227, 3225
3227, 3229
3229, 3227
3231, 3232
3232, 3231
3233, 3239
3239, 3233
3234, 3238
3238, 3234
3235, 3237
3237, 3235
3236, 3237
3237, 3236
3237, 3240
3240, 3237
3241, 3244
3244, 3241
3243, 3246
3246, 3243
3246, 3247
3247, 3246
3250, 3253
3253, 3250
3251, 3252
3252, 3251
3252, 3254
3254, 3252
3254, 3256
3256, 3254
3258, 3260
3260, 3258
3259, 3261
3261, 3259
3261, 3263
3263, 3261
3263, 3264
3264, 3263
3266, 3269
3269, 3266
3267, 3268
3268, 3267
3268, 3270
3270, 3268
3268, 3271
3271, 3268
3269, 3271
3271, 3269
3271, 3272
3272, 3271
3273, 3276
3276, 3273
3274, 3276
3276, 3274
3274, 3278
3278, 3274
3275, 3277
3277, 3275
3276, 3279
3279, 3276
3278, 3280
3280, 3278
3281, 3284
3284, 3281
3282, 3285
3285, 3282
3283, 3286
3286, 3283
3285, 3288
3288, 3285
3286, 3287
3287, 3286
3289, 3292
3292, 3289
3289, 3294
3294, 3289
3291, 3293
3293, 3291
3293, 3295
3295, 3293
3294, 3296
3296, 3294
3297, 3302
3302, 3297
3298, 3301
3301, 3298
3299, 3300
3300, 3299
3299, 3302
3302, 3299
3300, 3303
3303, 3300
3307, 3308
3308, 3307
3308, 3312
3312, 3308
3309, 3312
3312, 3309
3313, 3317
3317, 3313
3314, 3318
3318, 3314
3315, 3316
3316, 3315
3317, 3319
3319, 3317
3321, 3325
3325, 3321
3322, 3324
3324, 3322
3324, 3327
3327, 3324
3325, 3326
3326, 3325
3327, 3328
3328, 3327
3331, 3334
3334, 3331
3332, 3333
3333, 3332
3334, 3336
3336, 3334
3337, 3342
3342, 3337
3339, 3341
3341, 3339
3340, 3343
3343, 3340
3341, 3344
3344, 3341
3346, 3347
3347, 3346
3347, 3348
3348, 3347
3348, 3349
3349, 3348
3349, 3350
3350, 3349
3351, 3352
3352, 3351
3354, 3356
3356, 3354
3354, 3357
3357, 3354
3355, 3356
3356, 3355
3356, 3358
3358, 3356
3357, 3358
3358, 3357
3357, 3359
3359, 3357
3359, 3360
3360, 3359
3362, 3367
3367, 3362
3363, 3365
3365, 3363
3364, 3366
3366, 3364
3366, 3368
3368, 3366
3370, 3374
3374, 3370
3371, 3373
3373, 3371
3373, 3375
3375, 3373
3374, 3376
3376, 3374
3378, 3380
3380, 3378
3379, 3381
3381, 3379
3381, 3383
3383, 3381
3383, 3384
3384, 3383
3385, 3389
3389, 3385
3386, 3388
3388, 3386
3388, 3391
3391, 3388
3389, 3392
3392, 3389
3390, 3391
3391, 3390
3393, 3397
3397, 3393
3395, 3396
3396, 3395
3397, 3398
3398, 3397
3402, 3405
3405, 3402
3403, 3404
3404, 3403
3404, 3406
3406, 3404
3405, 3407
3407, 3405
3407, 3408
3408, 3407
3409, 3414
3414, 3409
3411, 3413
3413, 3411
3413, 3416
3416, 3413
3419, 3421
3421, 3419
3421, 3422
3422, 3421
3422, 3423
3423, 3422
3423, 3424
3424, 3423
3425, 3429
3429, 3425
3426, 3428
3428, 3426
3427, 3430
3430, 3427
3428, 3431
3431, 3428
3429, 3432
3432, 3429
3433, 3440
3440, 3433
3434, 3440
3440, 3434
3436, 3439
3439, 3436
3437, 3438
3438, 3437
3442, 3447
3447, 3442
3443, 3445
3445, 3443
3444, 3446
3446, 3444
3447, 3448
3448, 3447
3452, 3454
3454, 3452
3458, 3461
3461, 3458
3459, 3461
3461, 3459
3459, 3462
3462, 3459
3461, 3463
3463, 3461
3462, 3464
3464, 3462
3466, 3469
3469, 3466
3467, 3470
3470, 3467
3469, 3472
3472, 3469
3470, 3471
3471, 3470
3475, 3478
3478, 3475
3481, 3486
3486, 3481
3482, 3485
3485, 3482
3484, 3487
3487, 3484
3486, 3488
3488, 3486
3492, 3493
3493, 3492
3493, 3495
3495, 3493
3494, 3496
3496, 3494
3497, 3500
3500, 3497
3499, 3501
3501, 3499
3501, 3502
3502, 3501
3502, 3504
3504, 3502
3505, 3508
3508, 3505
3506, 3509
3509, 3506
3507, 3508
3508, 3507
3507, 3510
3510, 3507
3510, 3512
3512, 3510
3514, 3517
3517, 3514
3515, 3518
3518, 3515
3516, 3519
3519, 3516
3517, 3520
3520, 3517
3523, 3526
3526, 3523
3526, 3527
3527, 3526
3529, 3532
3532, 3529
3530, 3531
3531, 3530
3531, 3534
3534, 3531
3532, 3535
3535, 3532
3535, 3536
3536, 3535
3537, 3539
3539, 3537
3538, 3539
3539, 3538
3539, 3540
3540, 3539
3540, 3541
3541, 3540
3541, 3542
3542, 3541
3542, 3543
3543, 3542
3543, 3544
3544, 3543
3546, 3551
3551, 3546
3547, 3549
3549, 3547
3548, 3550
3550, 3548
3550, 3552
3552, 3550
3554, 3555
3555, 3554
3555, 3558
3558, 3555
3561, 3564
3564, 3561
3562, 3563
3563, 3562
3563, 3566
3566, 3563
3564, 3565
3565, 3564
3565, 3568
3568, 3565
3566, 3567
3567, 3566
3570, 3573
3573, 3570
3571, 3572
3572, 3571
3572, 3574
3574, 3572
3573, 3575
3575, 3573
3574, 3576
3576, 3574
3577, 3581
3581, 3577
3578, 3580
3580, 3578
3578, 3582
3582, 3578
3579, 3580
3580, 3579
3581, 3583
3583, 3581
3582, 3584
3584, 3582
3587, 3589
3589, 3587
3589, 3590
3590, 3589
3590, 3591
3591, 3590
3591, 3592
3592, 3591
3594, 3596
3596, 3594
3595, 3596
3596, 3595
3595, 3597
3597, 3595
3596, 3598
3598, 3596
3597, 3599
3599, 3597
3599, 3600
3600, 3599
3602, 3604
3604, 3602
3603, 3605
3605, 3603
3604, 3607
3607, 3604
3605, 3606
3606, 3605
3609, 3613
3613, 3609
3610, 3615
3615, 3610
3612, 3614
3614, 3612
3613, 3616
3616, 3613
3614, 3616
3616, 3614
3617, 3620
3620, 3617
3618, 3621
3621, 3618
3621, 3622
3622, 3621
3622, 3624
3624, 3622
3625, 3628
3628, 3625
3627, 3629
3629, 3627
3629, 3632
3632, 3629
3634, 3636
3636, 3634
3635, 3637
3637, 3635
3636, 3638
3638, 3636
3638, 3639
3639, 3638
3639, 3640
3640, 3639
3641, 3644
3644, 3641
3641, 3645
3645, 3641
3641, 3646
3646, 3641
3643, 3644
3644, 3643
3644, 3648
3648, 3644
3646, 3647
3647, 3646
3650, 3651
3651, 3650
3650, 3652
3652, 3650
3651, 3654
3654, 3651
3652, 3653
3653, 3652
3653, 3655
3655, 3653
3654, 3656
3656, 3654
3659, 3661
3661, 3659
3660, 3662
3662, 3660
3661, 3664
3664, 3661
3662, 3663
3663, 3662
3666, 3668
3668, 3666
3667, 3669
3669, 3667
3670, 3671
3671, 3670
3671, 3672
3672, 3671
3676, 3677
3677, 3676
3677, 3679
3679, 3677
3678, 3679
3679, 3678
3683, 3684
3684, 3683
3684, 3685
3685, 3684
3687, 3688
3688, 3687
3689, 3694
3694, 3689
3692, 3693
3693, 3692
3693, 3696
3696, 3693
3694, 3695
3695, 3694
3699, 3700
3700, 3699
3700, 3701
3701, 3700
3701, 3702
3702, 3701
3702, 3703
3703, 3702
3703, 3704
3704, 3703
3705, 3710
3710, 3705
3706, 3708
3708, 3706
3707, 3710
3710, 3707
3709, 3711
3711, 3709
3711, 3712
3712, 3711
3714, 3717
3717, 3714
3715, 3716
3716, 3715
3716, 3718
3718, 3716
3717, 3719
3719, 3717
3718, 3720
3720, 3718
3721, 3724
3724, 3721
3722, 3726
3726, 3722
3723, 3725
3725, 3723
3726, 3728
3728, 3726
3729, 3735
3735, 3729
3730, 3733
3733, 3730
3733, 3736
3736, 3733
3737, 3742
3742, 3737
3738, 3743
3743, 3738
3741, 3744
3744, 3741
3746, 3747
3747, 3746
3747, 3748
3748, 3747
3748, 3749
3749, 3748
3749, 3750
3750, 3749
3750, 3751
3751, 3750
3751, 3752
3752, 3751
3753, 3759
3759, 3753
3761, 3764
3764, 3761
3762, 3763
3763, 3762
3763, 3766
3766, 3763
3764, 3765
3765, 3764
3765, 3767
3767, 3765
3766, 3768
3768, 3766
3770, 3771
3771, 3770
3771, 3774
3774, 3771
3774, 3775
3775, 3774
3775, 3776
3776, 3775
3778, 3781
3781, 3778
3779, 3780
3780, 3779
3780, 3783
3783, 3780
3782, 3784
3784, 3782
3785, 3788
3788, 3785
3786, 3789
3789, 3786
3789, 3790
3790, 3789
3790, 3791
3791, 3790
3791, 3792
3792, 3791
3793, 3800
3800, 3793
3794, 3798
3798, 3794
3795, 3799
3799, 3795
3796, 3797
3797, 3796
3801, 3805
3805, 3801
3802, 3804
3804, 3802
3803, 3804
3804, 3803
3804, 3807
3807, 3804
3807, 3808
3808, 3807
3811, 3813
3813, 3811
3813, 3814
3814, 3813
3813, 3815
3815, 3813
3815, 3816
3816, 3815
3818, 3821
3821, 3818
3819, 3822
3822, 3819
3820, 3822
3822, 3820
3821, 3823
3823, 3821
3822, 3824
3824, 3822
3828, 3831
3831, 3828
3829, 3830
3830, 3829
3830, 3832
3832, 3830
3835, 3838
3838, 3835
3836, 3839
3839, 3836
3838, 3840
3840, 3838
3841, 3843
3843, 3841
3842, 3844
3844, 3842
3843, 3845
3845, 3843
3846, 3847
3847, 3846
3847, 3848
3848, 3847
3851, 3853
3853, 3851
3853, 3854
3854, 3853
3854, 3855
3855, 3854
3855, 3856
3856, 3855
3858, 3861
3861, 3858
3859, 3863
3863, 3859
3860, 3862
3862, 3860
3862, 3864
3864, 3862
3865, 3869
3869, 3865
3866, 3869
3869, 3866
3866, 3870
3870, 3866
3867, 3868
3868, 3867
3868, 3872
3872, 3868
3869, 3871
3871, 3869
3873, 3877
3877, 3873
3874, 3878
3878, 3874
3876, 3877
3877, 3876
3876, 3879
3879, 3876
3879, 3880
3880, 3879
3881, 3886
3886, 3881
3882, 3886
3886, 3882
3883, 3885
3885, 3883
3884, 3887
3887, 3884
3887, 3888
3888, 3887
3889, 3892
3892, 3889
3891, 3894
3894, 3891
3893, 3895
3895, 3893
3894, 3896
3896, 3894
3899, 3900
3900, 3899
3900, 3901
3901, 3900
3901, 3902
3902, 3901
3902, 3903
3903, 3902
3903, 3904
3904, 3903
3905, 3908
3908, 3905
3906, 3909
3909, 3906
3907, 3908
3908, 3907
3910, 3911
3911, 3910
3913, 3916
3916, 3913
3914, 3917
3917, 3914
3915, 3918
3918, 3915
3917, 3919
3919, 3917
3917, 3920
3920, 3917
3918, 3919
3919, 3918
3921, 3927
3927, 3921
3922, 3927
3927, 3922
3924, 3928
3928, 3924
3929, 3936
3936, 3929
3931, 3934
3934, 3931
3932, 3935
3935, 3932
3939, 3941
3941, 3939
3941, 3944
3944, 3941
3942, 3943
3943, 3942
3945, 3949
3949, 3945
3946, 3950
3950, 3946
3947, 3948
3948, 3947
3948, 3952
3952, 3948
3950, 3951
3951, 3950
3953, 3956
3956, 3953
3954, 3957
3957, 3954
3955, 3958
3958, 3955
3956, 3960
3960, 3956
3958, 3959
3959, 3958
3961, 3966
3966, 3961
3966, 3967
3967, 3966
3970, 3971
3971, 3970
3971, 3972
3972, 3971
3972, 3973
3973, 3972
3973, 3974
3974, 3973
3974, 3975
3975, 3974
3977, 3983
3983, 3977
3979, 3981
3981, 3979
3980, 3982
3982, 3980
3981, 3984
3984, 3981
3982, 3984
3984, 3982
3985, 3988
3988, 3985
3986, 3989
3989, 3986
3987, 3988
3988, 3987
3987, 3990
3990, 3987
3988, 3991
3991, 3988
3990, 3991
3991, 3990
3990, 3992
3992, 3990
3993, 3997
3997, 3993
3994, 3996
3996, 3994
3996, 3999
3999, 3996
3997, 3998
3998, 3997
3998, 4000
4000, 3998
