2, 4
4, 2
3, 6
6, 3
7, 10
10, 7
8, 9
9, 8
9, 11
11, 9
10, 12
12, 10
14, 15
15, 14
15, 18
18, 15
19, 22
22, 19
20, 23
23, 20
21, 24
24, 21
26, 29
29, 26
29, 30
30, 29
32, 33
33, 32
33, 35
35, 33
38, 41
41, 38
43, 47
47, 43
44, 48
48, 44
45, 47
47, 45
49, 54
54, 49
50, 52
52, 50
51, 53
53, 51
56, 58
58, 56
57, 59
59, 57
62, 66
66, 62
63, 65
65, 63
69, 71
71, 69
73, 77
77, 73
73, 78
78, 73
76, 77
77, 76
80, 84
84, 80
81, 83
83, 81
82, 84
84, 82
86, 90
90, 86
88, 89
89, 88
94, 95
95, 94
97, 102
102, 97
98, 101
101, 98
99, 100
100, 99
105, 106
106, 105
110, 113
113, 110
111, 113
113, 111
116, 120
120, 116
117, 119
119, 117
118, 119
119, 118
118, 120
120, 118
121, 124
124, 121
122, 123
123, 122
123, 126
126, 123
124, 125
125, 124
128, 131
131, 128
129, 132
132, 129
135, 137
137, 135
135, 138
138, 135
140, 144
144, 140
145, 148
148, 145
151, 154
154, 151
152, 155
155, 152
152, 156
156, 152
160, 162
162, 160
164, 166
166, 164
165, 167
167, 165
166, 168
168, 166
172, 174
174, 172
176, 180
180, 176
181, 184
184, 181
183, 185
185, 183
184, 186
186, 184
185, 186
186, 185
187, 191
191, 187
189, 192
192, 189
193, 197
197, 193
193, 198
198, 193
199, 203
203, 199
201, 204
204, 201
206, 209
209, 206
207, 208
208, 207
212, 215
215, 212
217, 221
221, 217
219, 222
222, 219
220, 222
222, 220
223, 228
228, 223
224, 227
227, 224
225, 226
226, 225
230, 232
232, 230
233, 234
234, 233
236, 238
238, 236
237, 239
239, 237
238, 240
240, 238
242, 245
245, 242
243, 245
245, 243
244, 246
246, 244
247, 250
250, 247
247, 252
252, 247
248, 250
250, 248
249, 251
251, 249
253, 255
255, 253
254, 257
257, 254
255, 258
258, 255
256, 257
257, 256
257, 258
258, 257
259, 264
264, 259
261, 264
264, 261
262, 263
263, 262
266, 269
269, 266
267, 268
268, 267
268, 270
270, 268
269, 270
270, 269
274, 276
276, 274
278, 280
280, 278
279, 282
282, 279
283, 286
286, 283
284, 287
287, 284
285, 286
286, 285
286, 288
288, 286
289, 292
292, 289
291, 292
292, 291
293, 294
294, 293
295, 300
300, 295
296, 298
298, 296
297, 299
299, 297
302, 306
306, 302
304, 305
305, 304
307, 310
310, 307
307, 311
311, 307
313, 318
318, 313
316, 317
317, 316
319, 322
322, 319
320, 323
323, 320
322, 324
324, 322
325, 328
328, 325
326, 329
329, 326
327, 330
330, 327
331, 334
334, 331
333, 335
335, 333
335, 336
336, 335
337, 341
341, 337
339, 340
340, 339
344, 347
347, 344
345, 346
346, 345
346, 348
348, 346
349, 352
352, 349
350, 353
353, 350
351, 354
354, 351
355, 358
358, 355
356, 358
358, 356
356, 360
360, 356
357, 359
359, 357
362, 365
365, 362
367, 371
371, 367
369, 370
370, 369
371, 372
372, 371
374, 377
377, 374
375, 378
378, 375
381, 384
384, 381
382, 383
383, 382
385, 388
388, 385
387, 390
390, 387
388, 389
389, 388
394, 395
395, 394
394, 396
396, 394
397, 402
402, 397
398, 401
401, 398
399, 401
401, 399
400, 402
402, 400
405, 407
407, 405
413, 414
414, 413
416, 420
420, 416
418, 419
419, 418
421, 426
426, 421
422, 424
424, 422
427, 430
430, 427
429, 432
432, 429
433, 435
435, 433
433, 436
436, 433
434, 435
435, 434
435, 438
438, 435
436, 437
437, 436
439, 442
442, 439
440, 443
443, 440
441, 442
442, 441
441, 444
444, 441
445, 449
449, 445
447, 450
450, 447
451, 453
453, 451
452, 455
455, 452
454, 456
456, 454
458, 460
460, 458
459, 461
461, 459
460, 462
462, 460
464, 467
467, 464
464, 468
468, 464
465, 467
467, 465
466, 468
468, 466
470, 473
473, 470
475, 478
478, 475
476, 477
477, 476
482, 483
483, 482
483, 486
486, 483
484, 485
485, 484
487, 491
491, 487
489, 492
492, 489
490, 492
492, 490
494, 497
497, 494
495, 498
498, 495
499, 503
503, 499
507, 509
509, 507
511, 514
514, 511
512, 513
513, 512
513, 515
515, 513
514, 516
516, 514
519, 520
520, 519
520, 521
521, 520
521, 522
522, 521
524, 526
526, 524
530, 532
532, 530
531, 533
533, 531
532, 534
534, 532
536, 538
538, 536
538, 540
540, 538
543, 546
546, 543
547, 550
550, 547
548, 551
551, 548
549, 552
552, 549
555, 556
556, 555
556, 558
558, 556
559, 562
562, 559
561, 562
562, 561
561, 563
563, 561
568, 569
569, 568
568, 570
570, 568
571, 575
575, 571
572, 574
574, 572
573, 575
575, 573
573, 576
576, 573
577, 582
582, 577
583, 588
588, 583
584, 587
587, 584
585, 586
586, 585
590, 593
593, 590
592, 594
594, 592
596, 600
600, 596
598, 599
599, 598
601, 605
605, 601
603, 606
606, 603
608, 610
610, 608
610, 612
612, 610
614, 616
616, 614
614, 617
617, 614
614, 618
618, 614
615, 616
616, 615
621, 622
622, 621
634, 636
636, 634
640, 642
642, 640
641, 642
642, 641
644, 646
646, 644
644, 647
647, 644
647, 648
648, 647
650, 654
654, 650
655, 660
660, 655
656, 659
659, 656
657, 658
658, 657
662, 666
666, 662
664, 665
665, 664
667, 670
670, 667
668, 671
671, 668
669, 672
672, 669
674, 675
675, 674
675, 678
678, 675
676, 677
677, 676
680, 684
684, 680
681, 683
683, 681
682, 684
684, 682
686, 689
689, 686
687, 688
688, 687
688, 690
690, 688
692, 695
695, 692
693, 694
694, 693
694, 696
696, 694
697, 702
702, 697
698, 701
701, 698
706, 707
707, 706
709, 712
712, 709
711, 713
713, 711
715, 717
717, 715
715, 718
718, 715
716, 717
717, 716
721, 726
726, 721
722, 725
725, 722
723, 725
725, 723
728, 731
731, 728
729, 730
730, 729
731, 732
732, 731
735, 737
737, 735
736, 737
737, 736
740, 742
742, 740
740, 743
743, 740
741, 742
742, 741
742, 744
744, 742
743, 744
744, 743
745, 747
747, 745
746, 748
748, 746
748, 749
749, 748
751, 754
754, 751
752, 755
755, 752
753, 754
754, 753
753, 756
756, 753
758, 759
759, 758
759, 761
761, 759
759, 762
762, 759
760, 761
761, 760
765, 767
767, 765
766, 767
767, 766
769, 773
773, 769
770, 771
771, 770
772, 774
774, 772
777, 779
779, 777
778, 780
780, 778
783, 786
786, 783
784, 786
786, 784
788, 791
791, 788
790, 792
792, 790
793, 798
798, 793
800, 804
804, 800
802, 803
803, 802
807, 809
809, 807
808, 810
810, 808
811, 814
814, 811
812, 814
814, 812
812, 815
815, 812
814, 816
816, 814
817, 821
821, 817
818, 822
822, 818
823, 825
825, 823
824, 826
826, 824
830, 834
834, 830
833, 834
834, 833
836, 840
840, 836
842, 846
846, 842
843, 845
845, 843
847, 851
851, 847
849, 850
850, 849
850, 852
852, 850
856, 857
857, 856
859, 862
862, 859
860, 862
862, 860
860, 863
863, 860
861, 864
864, 861
868, 869
869, 868
873, 875
875, 873
874, 875
875, 874
877, 881
881, 877
878, 881
881, 878
879, 882
882, 879
884, 888
888, 884
886, 887
887, 886
889, 893
893, 889
890, 892
892, 890
892, 894
894, 892
902, 905
905, 902
903, 904
904, 903
904, 906
906, 904
905, 906
906, 905
908, 912
912, 908
910, 911
911, 910
914, 917
917, 914
915, 918
918, 915
919, 922
922, 919
925, 928
928, 925
926, 927
927, 926
927, 930
930, 927
932, 934
934, 932
938, 940
940, 938
938, 942
942, 938
945, 947
947, 945
946, 948
948, 946
949, 953
953, 949
951, 952
952, 951
953, 954
954, 953
959, 960
960, 959
962, 964
964, 962
963, 965
965, 963
965, 966
966, 965
967, 971
971, 967
967, 972
972, 967
969, 971
971, 969
976, 978
978, 976
980, 984
984, 980
982, 983
983, 982
985, 989
989, 985
987, 990
990, 987
992, 995
995, 992
998, 999
999, 998
998, 1000
1000, 998
999, 1001
1001, 999
1000, 1002
1002, 1000
1003, 1005
1005, 1003
1005, 1007
1007, 1005
1010, 1012
1012, 1010
1011, 1013
1013, 1011
1012, 1014
1014, 1012
1016, 1018
1018, 1016
1018, 1020
1020, 1018
1021, 1024
1024, 1021
1028, 1032
1032, 1028
1029, 1031
1031, 1029
1033, 1038
1038, 1033
1036, 1037
1037, 1036
1039, 1043
1043, 1039
1040, 1042
1042, 1040
1046, 1050
1050, 1046
1047, 1049
1049, 1047
1048, 1049
1049, 1048
1051, 1054
1054, 1051
1052, 1056
1056, 1052
1053, 1055
1055, 1053
1057, 1061
1061, 1057
1058, 1062
1062, 1058
1060, 1062
1062, 1060
1064, 1066
1066, 1064
1065, 1067
1067, 1065
1066, 1068
1068, 1066
1067, 1068
1068, 1067
1069, 1073
1073, 1069
1071, 1074
1074, 1071
1076, 1079
1079, 1076
1077, 1080
1080, 1077
1081, 1083
1083, 1081
1082, 1084
1084, 1082
1084, 1086
1086, 1084
1088, 1090
1090, 1088
1089, 1090
1090, 1089
1089, 1091
1091, 1089
1091, 1092
1092, 1091
1093, 1095
1095, 1093
1095, 1097
1097, 1095
1100, 1104
1104, 1100
1102, 1103
1103, 1102
1105, 1109
1109, 1105
1107, 1108
1108, 1107
1109, 1110
1110, 1109
1111, 1115
1115, 1111
1118, 1121
1121, 1118
1119, 1122
1122, 1119
1123, 1127
1127, 1123
1130, 1134
1134, 1130
1131, 1133
1133, 1131
1143, 1146
1146, 1143
1144, 1146
1146, 1144
1148, 1151
1151, 1148
1150, 1151
1151, 1150
1154, 1158
1158, 1154
1156, 1158
1158, 1156
1159, 1163
1163, 1159
1160, 1164
1164, 1160
1165, 1170
1170, 1165
1168, 1169
1169, 1168
1171, 1174
1174, 1171
1172, 1174
1174, 1172
1172, 1175
1175, 1172
1173, 1176
1176, 1173
1179, 1181
1181, 1179
1181, 1182
1182, 1181
1183, 1186
1186, 1183
1185, 1186
1186, 1185
1185, 1187
1187, 1185
1187, 1188
1188, 1187
1191, 1192
1192, 1191
1191, 1193
1193, 1191
1193, 1194
1194, 1193
1195, 1197
1197, 1195
1196, 1199
1199, 1196
1198, 1200
1200, 1198
1201, 1204
1204, 1201
1202, 1205
1205, 1202
1202, 1206
1206, 1202
1203, 1205
1205, 1203
1208, 1210
1210, 1208
1209, 1211
1211, 1209
1210, 1212
1212, 1210
1213, 1218
1218, 1213
1215, 1217
1217, 1215
1220, 1224
1224, 1220
1226, 1230
1230, 1226
1227, 1229
1229, 1227
1227, 1230
1230, 1227
1228, 1229
1229, 1228
1232, 1233
1233, 1232
1233, 1234
1234, 1233
1234, 1235
1235, 1234
1238, 1241
1241, 1238
1239, 1240
1240, 1239
1243, 1247
1247, 1243
1246, 1248
1248, 1246
1247, 1248
1248, 1247
1251, 1254
1254, 1251
1252, 1253
1253, 1252
1256, 1259
1259, 1256
1259, 1260
1260, 1259
1261, 1265
1265, 1261
1263, 1265
1265, 1263
1264, 1266
1266, 1264
1267, 1270
1270, 1267
1269, 1270
1270, 1269
1269, 1271
1271, 1269
1270, 1272
1272, 1270
1273, 1277
1277, 1273
1274, 1278
1278, 1274
1275, 1277
1277, 1275
1280, 1283
1283, 1280
1282, 1284
1284, 1282
1286, 1289
1289, 1286
1287, 1290
1290, 1287
1292, 1294
1294, 1292
1293, 1295
1295, 1293
1295, 1296
1296, 1295
1297, 1301
1301, 1297
1298, 1300
1300, 1298
1299, 1302
1302, 1299
1306, 1307
1307, 1306
1310, 1312
1312, 1310
1311, 1313
1313, 1311
1312, 1314
1314, 1312
1315, 1318
1318, 1315
1317, 1319
1319, 1317
1323, 1324
1324, 1323
1325, 1326
1326, 1325
1327, 1330
1330, 1327
1328, 1331
1331, 1328
1329, 1332
1332, 1329
1333, 1336
1336, 1333
1335, 1337
1337, 1335
1336, 1338
1338, 1336
1340, 1342
1342, 1340
1341, 1344
1344, 1341
1345, 1349
1349, 1345
1346, 1348
1348, 1346
1347, 1350
1350, 1347
1351, 1355
1355, 1351
1352, 1354
1354, 1352
1353, 1356
1356, 1353
1358, 1361
1361, 1358
1359, 1360
1360, 1359
1360, 1362
1362, 1360
1363, 1366
1366, 1363
1369, 1372
1372, 1369
1370, 1372
1372, 1370
1370, 1373
1373, 1370
1373, 1374
1374, 1373
1376, 1378
1378, 1376
1377, 1379
1379, 1377
1379, 1380
1380, 1379
1381, 1385
1385, 1381
1383, 1386
1386, 1383
1393, 1397
1397, 1393
1395, 1396
1396, 1395
1399, 1402
1402, 1399
1400, 1403
1403, 1400
1401, 1403
1403, 1401
1401, 1404
1404, 1401
1405, 1409
1409, 1405
1406, 1410
1410, 1406
1407, 1408
1408, 1407
1412, 1416
1416, 1412
1413, 1414
1414, 1413
1418, 1421
1421, 1418
1419, 1422
1422, 1419
1424, 1428
1428, 1424
1425, 1427
1427, 1425
1426, 1427
1427, 1426
1429, 1434
1434, 1429
1430, 1434
1434, 1430
1431, 1433
1433, 1431
1436, 1438
1438, 1436
1437, 1439
1439, 1437
1442, 1445
1445, 1442
1443, 1445
1445, 1443
1443, 1446
1446, 1443
1448, 1451
1451, 1448
1450, 1452
1452, 1450
1453, 1457
1457, 1453
1454, 1458
1458, 1454
1455, 1457
1457, 1455
1459, 1464
1464, 1459
1460, 1462
1462, 1460
1461, 1463
1463, 1461
1468, 1470
1470, 1468
1473, 1475
1475, 1473
1478, 1482
1482, 1478
1480, 1481
1481, 1480
1483, 1487
1487, 1483
1485, 1486
1486, 1485
1487, 1488
1488, 1487
1490, 1493
1493, 1490
1492, 1494
1494, 1492
1496, 1497
1497, 1496
1497, 1498
1498, 1497
1499, 1500
1500, 1499
1501, 1505
1505, 1501
1503, 1504
1504, 1503
1504, 1506
1506, 1504
1507, 1511
1511, 1507
1508, 1510
1510, 1508
1509, 1510
1510, 1509
1509, 1512
1512, 1509
1513, 1518
1518, 1513
1514, 1517
1517, 1514
1515, 1516
1516, 1515
1520, 1524
1524, 1520
1522, 1523
1523, 1522
1526, 1529
1529, 1526
1527, 1528
1528, 1527
1528, 1530
1530, 1528
1532, 1534
1534, 1532
1533, 1535
1535, 1533
1534, 1536
1536, 1534
1535, 1536
1536, 1535
1538, 1540
1540, 1538
1539, 1541
1541, 1539
1541, 1542
1542, 1541
1543, 1548
1548, 1543
1544, 1547
1547, 1544
1549, 1552
1552, 1549
1551, 1553
1553, 1551
1553, 1554
1554, 1553
1556, 1558
1558, 1556
1557, 1559
1559, 1557
1559, 1560
1560, 1559
1563, 1564
1564, 1563
1564, 1565
1565, 1564
1565, 1566
1566, 1565
1567, 1570
1570, 1567
1568, 1571
1571, 1568
1569, 1570
1570, 1569
1570, 1572
1572, 1570
1573, 1577
1577, 1573
1574, 1576
1576, 1574
1577, 1578
1578, 1577
1579, 1584
1584, 1579
1585, 1589
1589, 1585
1587, 1588
1588, 1587
1589, 1590
1590, 1589
1592, 1595
1595, 1592
1593, 1594
1594, 1593
1593, 1596
1596, 1593
1597, 1602
1602, 1597
1598, 1600
1600, 1598
1599, 1601
1601, 1599
1603, 1607
1607, 1603
1604, 1606
1606, 1604
1605, 1608
1608, 1605
1610, 1613
1613, 1610
1612, 1614
1614, 1612
1615, 1619
1619, 1615
1617, 1620
1620, 1617
1621, 1626
1626, 1621
1622, 1625
1625, 1622
1623, 1626
1626, 1623
1624, 1625
1625, 1624
1628, 1630
1630, 1628
1629, 1632
1632, 1629
1630, 1631
1631, 1630
1635, 1636
1636, 1635
1636, 1637
1637, 1636
1637, 1638
1638, 1637
1639, 1641
1641, 1639
1640, 1641
1641, 1640
1641, 1642
1642, 1641
1642, 1643
1643, 1642
1643, 1644
1644, 1643
1645, 1649
1649, 1645
1648, 1650
1650, 1648
1651, 1653
1653, 1651
1652, 1654
1654, 1652
1654, 1655
1655, 1654
1657, 1660
1660, 1657
1658, 1661
1661, 1658
1661, 1662
1662, 1661
1664, 1667
1667, 1664
1665, 1666
1666, 1665
1669, 1671
1671, 1669
1671, 1672
1672, 1671
1672, 1673
1673, 1672
1677, 1678
1678, 1677
1682, 1685
1685, 1682
1688, 1692
1692, 1688
1689, 1691
1691, 1689
1693, 1697
1697, 1693
1696, 1697
1697, 1696
1699, 1703
1703, 1699
1707, 1709
1709, 1707
1708, 1710
1710, 1708
1711, 1715
1715, 1711
1715, 1716
1716, 1715
1720, 1722
1722, 1720
1724, 1728
1728, 1724
1725, 1726
1726, 1725
1730, 1734
1734, 1730
1732, 1733
1733, 1732
1741, 1745
1745, 1741
1743, 1745
1745, 1743
1748, 1751
1751, 1748
1749, 1750
1750, 1749
1753, 1757
1757, 1753
1754, 1758
1758, 1754
1755, 1756
1756, 1755
1759, 1763
1763, 1759
1760, 1762
1762, 1760
1761, 1764
1764, 1761
1767, 1768
1768, 1767
1767, 1769
1769, 1767
1769, 1770
1770, 1769
1771, 1774
1774, 1771
1772, 1773
1773, 1772
1773, 1776
1776, 1773
1777, 1782
1782, 1777
1778, 1780
1780, 1778
1779, 1781
1781, 1779
1783, 1788
1788, 1783
1785, 1787
1787, 1785
1791, 1794
1794, 1791
1792, 1793
1793, 1792
1795, 1800
1800, 1795
1797, 1800
1800, 1797
1798, 1799
1799, 1798
1803, 1806
1806, 1803
1804, 1805
1805, 1804
1808, 1811
1811, 1808
1809, 1810
1810, 1809
1810, 1812
1812, 1810
1815, 1817
1817, 1815
1816, 1818
1818, 1816
1819, 1823
1823, 1819
1822, 1824
1824, 1822
1827, 1830
1830, 1827
1831, 1834
1834, 1831
1833, 1835
1835, 1833
1833, 1836
1836, 1833
1838, 1841
1841, 1838
1840, 1842
1842, 1840
1843, 1845
1845, 1843
1844, 1847
1847, 1844
1847, 1848
1848, 1847
1849, 1852
1852, 1849
1849, 1853
1853, 1849
1850, 1852
1852, 1850
1851, 1854
1854, 1851
1856, 1857
1857, 1856
1857, 1860
1860, 1857
1863, 1865
1865, 1863
1868, 1871
1871, 1868
1875, 1876
1876, 1875
1875, 1877
1877, 1875
1876, 1878
1878, 1876
1877, 1878
1878, 1877
1879, 1882
1882, 1879
1881, 1883
1883, 1881
1883, 1884
1884, 1883
1886, 1888
1888, 1886
1887, 1889
1889, 1887
1894, 1895
1895, 1894
1897, 1900
1900, 1897
1898, 1902
1902, 1898
1899, 1901
1901, 1899
1903, 1906
1906, 1903
1904, 1907
1907, 1904
1905, 1908
1908, 1905
1911, 1914
1914, 1911
1912, 1913
1913, 1912
1915, 1917
1917, 1915
1915, 1918
1918, 1915
1916, 1917
1917, 1916
1917, 1920
1920, 1917
1918, 1919
1919, 1918
1921, 1925
1925, 1921
1922, 1924
1924, 1922
1923, 1926
1926, 1923
1927, 1932
1932, 1927
1934, 1935
1935, 1934
1935, 1937
1937, 1935
1939, 1942
1942, 1939
1940, 1944
1944, 1940
1941, 1943
1943, 1941
1945, 1948
1948, 1945
1945, 1949
1949, 1945
1945, 1950
1950, 1945
1947, 1948
1948, 1947
1951, 1955
1955, 1951
1953, 1955
1955, 1953
1954, 1956
1956, 1954
1957, 1961
1961, 1957
1959, 1960
1960, 1959
1961, 1962
1962, 1961
1964, 1967
1967, 1964
1965, 1966
1966, 1965
1971, 1973
1973, 1971
1975, 1980
1980, 1975
1978, 1979
1979, 1978
1981, 1985
1985, 1981
1983, 1984
1984, 1983
1984, 1986
1986, 1984
1987, 1991
1991, 1987
1988, 1992
1992, 1988
1993, 1995
1995, 1993
1994, 1997
1997, 1994
1996, 1998
1998, 1996
2001, 2003
2003, 2001
2002, 2004
2004, 2002
2007, 2010
2010, 2007
2011, 2013
2013, 2011
2012, 2014
2014, 2012
2013, 2015
2015, 2013
2013, 2016
2016, 2013
2014, 2015
2015, 2014
2020, 2021
2021, 2020
2023, 2025
2025, 2023
2024, 2026
2026, 2024
2025, 2027
2027, 2025
2026, 2028
2028, 2026
2030, 2031
2031, 2030
2031, 2032
2032, 2031
2032, 2033
2033, 2032
2033, 2034
2034, 2033
2038, 2040
2040, 2038
2039, 2040
2040, 2039
2045, 2046
2046, 2045
2048, 2051
2051, 2048
2049, 2050
2050, 2049
2054, 2056
2056, 2054
2055, 2057
2057, 2055
2057, 2058
2058, 2057
2059, 2063
2063, 2059
2066, 2068
2068, 2066
2068, 2069
2069, 2068
2072, 2074
2074, 2072
2073, 2074
2074, 2073
2078, 2080
2080, 2078
2084, 2088
2088, 2084
2086, 2087
2087, 2086
2090, 2094
2094, 2090
2092, 2094
2094, 2092
2095, 2098
2098, 2095
2096, 2099
2099, 2096
2097, 2100
2100, 2097
2101, 2103
2103, 2101
2102, 2103
2103, 2102
2102, 2104
2104, 2102
2103, 2106
2106, 2103
2104, 2105
2105, 2104
2107, 2110
2110, 2107
2108, 2109
2109, 2108
2109, 2111
2111, 2109
2113, 2117
2117, 2113
2120, 2121
2121, 2120
2121, 2123
2123, 2121
2125, 2127
2127, 2125
2127, 2129
2129, 2127
2133, 2134
2134, 2133
2134, 2136
2136, 2134
2138, 2141
2141, 2138
2139, 2142
2142, 2139
2144, 2147
2147, 2144
2145, 2147
2147, 2145
2145, 2148
2148, 2145
2146, 2148
2148, 2146
2150, 2152
2152, 2150
2152, 2154
2154, 2152
2155, 2158
2158, 2155
2157, 2159
2159, 2157
2159, 2160
2160, 2159
2163, 2165
2165, 2163
2169, 2170
2170, 2169
2170, 2171
2171, 2170
2171, 2172
2172, 2171
2173, 2178
2178, 2173
2179, 2184
2184, 2179
2180, 2182
2182, 2180
2181, 2183
2183, 2181
2186, 2189
2189, 2186
2187, 2190
2190, 2187
2191, 2196
2196, 2191
2198, 2202
2202, 2198
2199, 2201
2201, 2199
2203, 2208
2208, 2203
2205, 2208
2208, 2205
2206, 2207
2207, 2206
2211, 2213
2213, 2211
2216, 2220
2220, 2216
2218, 2219
2219, 2218
2221, 2225
2225, 2221
2229, 2231
2231, 2229
2230, 2231
2231, 2230
2230, 2232
2232, 2230
2233, 2235
2235, 2233
2234, 2235
2235, 2234
2239, 2242
2242, 2239
2241, 2244
2244, 2241
2245, 2248
2248, 2245
2246, 2250
2250, 2246
2247, 2249
2249, 2247
2251, 2254
2254, 2251
2254, 2255
2255, 2254
2257, 2261
2261, 2257
2259, 2260
2260, 2259
2260, 2262
2262, 2260
2263, 2266
2266, 2263
2264, 2267
2267, 2264
2265, 2268
2268, 2265
2269, 2272
2272, 2269
2271, 2273
2273, 2271
2272, 2274
2274, 2272
2276, 2280
2280, 2276
2277, 2279
2279, 2277
2283, 2284
2284, 2283
2284, 2285
2285, 2284
2285, 2286
2286, 2285
2289, 2290
2290, 2289
2290, 2291
2291, 2290
2291, 2292
2292, 2291
2293, 2297
2297, 2293
2299, 2303
2303, 2299
2302, 2304
2304, 2302
2306, 2307
2307, 2306
2306, 2308
2308, 2306
2307, 2310
2310, 2307
2308, 2309
2309, 2308
2312, 2315
2315, 2312
2314, 2316
2316, 2314
2318, 2321
2321, 2318
2320, 2322
2322, 2320
2323, 2328
2328, 2323
2324, 2328
2328, 2324
2325, 2327
2327, 2325
2330, 2332
2332, 2330
2332, 2333
2333, 2332
2333, 2334
2334, 2333
2335, 2339
2339, 2335
2337, 2338
2338, 2337
2339, 2340
2340, 2339
2342, 2345
2345, 2342
2343, 2345
2345, 2343
2343, 2346
2346, 2343
2347, 2352
2352, 2347
2348, 2351
2351, 2348
2350, 2351
2351, 2350
2350, 2352
2352, 2350
2355, 2356
2356, 2355
2357, 2358
2358, 2357
2360, 2363
2363, 2360
2366, 2368
2368, 2366
2366, 2369
2369, 2366
2367, 2368
2368, 2367
2371, 2376
2376, 2371
2375, 2376
2376, 2375
2377, 2380
2380, 2377
2378, 2382
2382, 2378
2379, 2381
2381, 2379
2384, 2386
2386, 2384
2385, 2387
2387, 2385
2385, 2388
2388, 2385
2391, 2393
2393, 2391
2392, 2394
2394, 2392
2395, 2398
2398, 2395
2396, 2399
2399, 2396
2402, 2406
2406, 2402
2403, 2405
2405, 2403
2404, 2405
2405, 2404
2407, 2410
2410, 2407
2408, 2411
2411, 2408
2409, 2410
2410, 2409
2409, 2412
2412, 2409
2413, 2417
2417, 2413
2414, 2416
2416, 2414
2419, 2422
2422, 2419
2421, 2422
2422, 2421
2422, 2424
2424, 2422
2425, 2427
2427, 2425
2426, 2428
2428, 2426
2427, 2430
2430, 2427
2428, 2429
2429, 2428
2431, 2434
2434, 2431
2433, 2435
2435, 2433
2435, 2436
2436, 2435
2437, 2440
2440, 2437
2438, 2442
2442, 2438
2439, 2441
2441, 2439
2445, 2448
2448, 2445
2446, 2447
2447, 2446
2450, 2452
2452, 2450
2451, 2454
2454, 2451
2457, 2460
2460, 2457
2458, 2459
2459, 2458
2461, 2464
2464, 2461
2463, 2465
2465, 2463
2464, 2466
2466, 2464
2467, 2471
2471, 2467
2468, 2471
2471, 2468
2470, 2472
2472, 2470
2475, 2478
2478, 2475
2476, 2477
2477, 2476
2479, 2483
2483, 2479
2480, 2482
2482, 2480
2481, 2484
2484, 2481
2487, 2490
2490, 2487
2488, 2489
2489, 2488
2493, 2495
2495, 2493
2494, 2496
2496, 2494
2498, 2501
2501, 2498
2499, 2500
2500, 2499
2500, 2502
2502, 2500
2501, 2502
2502, 2501
2503, 2505
2505, 2503
2504, 2506
2506, 2504
2505, 2508
2508, 2505
2506, 2507
2507, 2506
2510, 2514
2514, 2510
2512, 2513
2513, 2512
2515, 2518
2518, 2515
2517, 2519
2519, 2517
2518, 2520
2520, 2518
2521, 2525
2525, 2521
2522, 2524
2524, 2522
2522, 2526
2526, 2522
2523, 2524
2524, 2523
2528, 2530
2530, 2528
2529, 2531
2531, 2529
2530, 2532
2532, 2530
2533, 2538
2538, 2533
2534, 2538
2538, 2534
2535, 2537
2537, 2535
2536, 2537
2537, 2536
2539, 2542
2542, 2539
2540, 2544
2544, 2540
2541, 2543
2543, 2541
2545, 2548
2548, 2545
2546, 2550
2550, 2546
2553, 2555
2555, 2553
2557, 2560
2560, 2557
2558, 2562
2562, 2558
2559, 2561
2561, 2559
2565, 2566
2566, 2565
2569, 2573
2573, 2569
2570, 2572
2572, 2570
2571, 2574
2574, 2571
2575, 2580
2580, 2575
2578, 2580
2580, 2578
2581, 2585
2585, 2581
2582, 2584
2584, 2582
2583, 2585
2585, 2583
2583, 2586
2586, 2583
2587, 2591
2591, 2587
2590, 2592
2592, 2590
2594, 2598
2598, 2594
2596, 2597
2597, 2596
2603, 2604
2604, 2603
2605, 2608
2608, 2605
2606, 2610
2610, 2606
2607, 2609
2609, 2607
2611, 2614
2614, 2611
2612, 2613
2613, 2612
2613, 2616
2616, 2613
2614, 2615
2615, 2614
2617, 2621
2621, 2617
2619, 2620
2620, 2619
2620, 2622
2622, 2620
2625, 2628
2628, 2625
2626, 2627
2627, 2626
2631, 2632
2632, 2631
2633, 2634
2634, 2633
2635, 2639
2639, 2635
2637, 2638
2638, 2637
2643, 2644
2644, 2643
2643, 2645
2645, 2643
2647, 2651
2651, 2647
2649, 2650
2650, 2649
2649, 2652
2652, 2649
2653, 2658
2658, 2653
2654, 2657
2657, 2654
2660, 2663
2663, 2660
2661, 2664
2664, 2661
2666, 2669
2669, 2666
2668, 2670
2670, 2668
2672, 2675
2675, 2672
2679, 2680
2680, 2679
2680, 2681
2681, 2680
2681, 2682
2682, 2681
2686, 2687
2687, 2686
2689, 2692
2692, 2689
2690, 2694
2694, 2690
2691, 2693
2693, 2691
2695, 2700
2700, 2695
2697, 2698
2698, 2697
2702, 2706
2706, 2702
2704, 2705
2705, 2704
2708, 2712
2712, 2708
2709, 2711
2711, 2709
2714, 2717
2717, 2714
2716, 2718
2718, 2716
2719, 2721
2721, 2719
2720, 2724
2724, 2720
2722, 2723
2723, 2722
2727, 2729
2729, 2727
2731, 2735
2735, 2731
2732, 2736
2736, 2732
2737, 2741
2741, 2737
2738, 2740
2740, 2738
2739, 2740
2740, 2739
2745, 2747
2747, 2745
2747, 2748
2748, 2747
2750, 2751
2751, 2750
2750, 2752
2752, 2750
2752, 2753
2753, 2752
2753, 2754
2754, 2753
2756, 2759
2759, 2756
2757, 2758
2758, 2757
2757, 2759
2759, 2757
2757, 2760
2760, 2757
2761, 2766
2766, 2761
2763, 2765
2765, 2763
2767, 2770
2770, 2767
2768, 2772
2772, 2768
2769, 2771
2771, 2769
2773, 2776
2776, 2773
2775, 2777
2777, 2775
2777, 2778
2778, 2777
2779, 2784
2784, 2779
2786, 2789
2789, 2786
2787, 2790
2790, 2787
2792, 2795
2795, 2792
2795, 2796
2796, 2795
2797, 2802
2802, 2797
2798, 2800
2800, 2798
2799, 2800
2800, 2799
2803, 2806
2806, 2803
2804, 2806
2806, 2804
2804, 2807
2807, 2804
2810, 2812
2812, 2810
2811, 2813
2813, 2811
2812, 2814
2814, 2812
2815, 2818
2818, 2815
2817, 2819
2819, 2817
2823, 2824
2824, 2823
2824, 2825
2825, 2824
2825, 2826
2826, 2825
2827, 2830
2830, 2827
2828, 2832
2832, 2828
2829, 2831
2831, 2829
2834, 2838
2838, 2834
2836, 2837
2837, 2836
2841, 2843
2843, 2841
2843, 2844
2844, 2843
2846, 2849
2849, 2846
2847, 2848
2848, 2847
2848, 2850
2850, 2848
2849, 2850
2850, 2849
2852, 2855
2855, 2852
2854, 2856
2856, 2854
2858, 2861
2861, 2858
2859, 2860
2860, 2859
2861, 2862
2862, 2861
2863, 2866
2866, 2863
2865, 2867
2867, 2865
2866, 2868
2868, 2866
2876, 2880
2880, 2876
2877, 2878
2878, 2877
2885, 2886
2886, 2885
2887, 2891
2891, 2887
2889, 2890
2890, 2889
2890, 2892
2892, 2890
2893, 2896
2896, 2893
2895, 2896
2896, 2895
2895, 2897
2897, 2895
2897, 2898
2898, 2897
2899, 2902
2902, 2899
2901, 2903
2903, 2901
2907, 2909
2909, 2907
2908, 2910
2910, 2908
2913, 2916
2916, 2913
2914, 2915
2915, 2914
2917, 2922
2922, 2917
2920, 2921
2921, 2920
2923, 2926
2926, 2923
2924, 2925
2925, 2924
2925, 2928
2928, 2925
2926, 2927
2927, 2926
2929, 2933
2933, 2929
2931, 2934
2934, 2931
2932, 2934
2934, 2932
2935, 2937
2937, 2935
2936, 2938
2938, 2936
2937, 2939
2939, 2937
2938, 2940
2940, 2938
2941, 2946
2946, 2941
2949, 2952
2952, 2949
2954, 2956
2956, 2954
2955, 2958
2958, 2955
2959, 2964
2964, 2959
2962, 2963
2963, 2962
2965, 2970
2970, 2965
2966, 2968
2968, 2966
2967, 2969
2969, 2967
2972, 2974
2974, 2972
2972, 2975
2975, 2972
2974, 2976
2976, 2974
2978, 2981
2981, 2978
2979, 2980
2980, 2979
2979, 2982
2982, 2979
2983, 2986
2986, 2983
2984, 2987
2987, 2984
2986, 2988
2988, 2986
2991, 2993
2993, 2991
2996, 2999
2999, 2996
2997, 2998
2998, 2997
2998, 3000
3000, 2998
