1, 6
6, 1
3, 5
5, 3
8, 12
12, 8
12, 14
14, 12
15, 18
18, 15
16, 17
17, 16
22, 26
26, 22
24, 25
25, 24
25, 28
28, 25
26, 27
27, 26
30, 33
33, 30
32, 35
35, 32
36, 39
39, 36
38, 39
39, 38
38, 42
42, 38
39, 41
41, 39
44, 46
46, 44
45, 46
46, 45
45, 47
47, 45
46, 49
49, 46
47, 48
48, 47
50, 54
54, 50
51, 55
55, 51
52, 53
53, 52
58, 60
60, 58
58, 61
61, 58
59, 60
60, 59
65, 67
67, 65
68, 69
69, 68
69, 70
70, 69
72, 74
74, 72
73, 75
75, 73
74, 76
76, 74
76, 77
77, 76
80, 82
82, 80
82, 84
84, 82
85, 90
90, 85
87, 90
90, 87
93, 97
97, 93
94, 98
98, 94
95, 96
96, 95
99, 103
103, 99
100, 102
102, 100
101, 102
102, 101
101, 104
104, 101
104, 105
105, 104
106, 110
110, 106
108, 109
109, 108
109, 111
111, 109
109, 112
112, 109
113, 116
116, 113
114, 115
115, 114
116, 117
117, 116
118, 119
119, 118
120, 124
124, 120
131, 132
132, 131
136, 137
137, 136
136, 138
138, 136
138, 140
140, 138
141, 144
144, 141
141, 145
145, 141
142, 146
146, 142
143, 144
144, 143
146, 147
147, 146
149, 151
151, 149
150, 151
151, 150
150, 152
152, 150
152, 154
154, 152
156, 159
159, 156
157, 160
160, 157
159, 161
161, 159
163, 164
164, 163
164, 166
166, 164
170, 173
173, 170
171, 172
172, 171
172, 175
175, 172
173, 174
174, 173
177, 180
180, 177
178, 181
181, 178
179, 182
182, 179
183, 188
188, 183
186, 187
187, 186
188, 189
189, 188
190, 193
193, 190
191, 195
195, 191
192, 194
194, 192
193, 196
196, 193
195, 196
196, 195
200, 201
201, 200
201, 202
202, 201
204, 207
207, 204
205, 208
208, 205
209, 210
210, 209
211, 215
215, 211
212, 217
217, 212
214, 216
216, 214
218, 222
222, 218
220, 221
221, 220
221, 223
223, 221
222, 224
224, 222
226, 228
228, 226
228, 230
230, 228
229, 231
231, 229
232, 238
238, 232
234, 236
236, 234
239, 242
242, 239
241, 245
245, 241
243, 244
244, 243
246, 250
250, 246
247, 249
249, 247
248, 251
251, 248
250, 252
252, 250
254, 257
257, 254
258, 259
259, 258
261, 263
263, 261
261, 264
264, 261
262, 263
263, 262
263, 266
266, 263
264, 265
265, 264
267, 270
270, 267
269, 271
271, 269
271, 273
273, 271
274, 278
278, 274
276, 280
280, 276
283, 285
285, 283
284, 285
285, 284
284, 286
286, 284
286, 287
287, 286
288, 292
292, 288
290, 291
291, 290
291, 293
293, 291
291, 294
294, 291
292, 293
293, 292
295, 299
299, 295
297, 301
301, 297
298, 300
300, 298
306, 307
307, 306
306, 308
308, 306
309, 312
312, 309
309, 313
313, 309
310, 312
312, 310
311, 314
314, 311
312, 315
315, 312
313, 315
315, 313
316, 321
321, 316
320, 322
322, 320
326, 328
328, 326
327, 328
328, 327
327, 329
329, 327
331, 334
334, 331
332, 333
333, 332
333, 335
335, 333
335, 336
336, 335
337, 341
341, 337
338, 340
340, 338
339, 342
342, 339
341, 343
343, 341
344, 348
348, 344
347, 349
349, 347
347, 350
350, 347
351, 354
354, 351
352, 355
355, 352
354, 356
356, 354
354, 357
357, 354
355, 356
356, 355
359, 362
362, 359
359, 364
364, 359
360, 363
363, 360
361, 362
362, 361
366, 369
369, 366
367, 369
369, 367
367, 371
371, 367
369, 370
370, 369
372, 375
375, 372
374, 375
375, 374
374, 378
378, 374
376, 377
377, 376
380, 383
383, 380
384, 385
385, 384
388, 389
389, 388
389, 391
391, 389
390, 392
392, 390
393, 397
397, 393
395, 396
396, 395
396, 398
398, 396
396, 399
399, 396
397, 398
398, 397
400, 404
404, 400
402, 403
403, 402
407, 411
411, 407
408, 410
410, 408
410, 413
413, 410
416, 419
419, 416
421, 424
424, 421
423, 425
425, 423
425, 427
427, 425
431, 432
432, 431
432, 433
433, 432
433, 434
434, 433
436, 439
439, 436
437, 438
438, 437
438, 441
441, 438
439, 440
440, 439
442, 446
446, 442
444, 448
448, 444
445, 447
447, 445
451, 453
453, 451
451, 454
454, 451
453, 455
455, 453
454, 455
455, 454
457, 461
461, 457
458, 460
460, 458
459, 461
461, 459
463, 468
468, 463
464, 467
467, 464
465, 467
467, 465
466, 469
469, 466
470, 474
474, 470
472, 473
473, 472
473, 476
476, 473
474, 475
475, 474
478, 482
482, 478
479, 481
481, 479
482, 483
483, 482
485, 487
487, 485
486, 488
488, 486
488, 489
489, 488
492, 496
496, 492
493, 494
494, 493
496, 497
497, 496
499, 502
502, 499
500, 501
501, 500
501, 503
503, 501
502, 504
504, 502
506, 510
510, 506
507, 511
511, 507
508, 509
509, 508
513, 517
517, 513
515, 517
517, 515
520, 523
523, 520
522, 524
524, 522
523, 525
525, 523
528, 530
530, 528
529, 531
531, 529
530, 531
531, 530
530, 532
532, 530
533, 535
535, 533
535, 537
537, 535
535, 538
538, 535
538, 539
539, 538
541, 546
546, 541
542, 546
546, 542
543, 545
545, 543
547, 551
551, 547
549, 553
553, 549
552, 553
553, 552
554, 557
557, 554
555, 557
557, 555
556, 558
558, 556
557, 560
560, 557
558, 559
559, 558
561, 567
567, 561
565, 566
566, 565
570, 571
571, 570
572, 573
573, 572
573, 574
574, 573
575, 580
580, 575
575, 581
581, 575
576, 578
578, 576
579, 580
580, 579
582, 584
584, 582
584, 587
587, 584
585, 586
586, 585
589, 592
592, 589
590, 591
591, 590
591, 593
593, 591
592, 593
593, 592
593, 595
595, 593
594, 595
595, 594
597, 599
599, 597
598, 602
602, 598
600, 601
601, 600
603, 607
607, 603
604, 608
608, 604
605, 606
606, 605
606, 609
609, 606
607, 609
609, 607
610, 613
613, 610
611, 612
612, 611
612, 614
614, 612
615, 616
616, 615
617, 620
620, 617
618, 623
623, 618
621, 622
622, 621
626, 628
628, 626
627, 629
629, 627
628, 630
630, 628
629, 630
630, 629
632, 634
634, 632
633, 635
635, 633
639, 643
643, 639
640, 644
644, 640
641, 642
642, 641
645, 647
647, 645
646, 648
648, 646
655, 658
658, 655
659, 663
663, 659
661, 664
664, 661
662, 663
663, 662
662, 664
664, 662
664, 665
665, 664
667, 670
670, 667
668, 669
669, 668
669, 672
672, 669
670, 671
671, 670
673, 676
676, 673
673, 678
678, 673
674, 677
677, 674
675, 676
676, 675
676, 679
679, 676
680, 684
684, 680
687, 690
690, 687
688, 689
689, 688
689, 691
691, 689
690, 692
692, 690
691, 693
693, 691
694, 699
699, 694
695, 698
698, 695
696, 697
697, 696
697, 700
700, 697
702, 707
707, 702
703, 706
706, 703
704, 705
705, 704
708, 713
713, 708
709, 713
713, 709
709, 714
714, 709
711, 712
712, 711
716, 721
721, 716
717, 720
720, 717
718, 719
719, 718
722, 727
727, 722
723, 727
727, 723
725, 726
726, 725
726, 728
728, 726
727, 728
728, 727
729, 734
734, 729
730, 734
734, 730
731, 733
733, 731
736, 741
741, 736
737, 739
739, 737
738, 739
739, 738
738, 740
740, 738
740, 742
742, 740
743, 747
747, 743
751, 752
752, 751
752, 755
755, 752
753, 754
754, 753
757, 760
760, 757
760, 762
762, 760
764, 769
769, 764
765, 768
768, 765
766, 767
767, 766
767, 770
770, 767
768, 770
770, 768
771, 773
773, 771
771, 774
774, 771
773, 775
775, 773
774, 776
776, 774
775, 777
777, 775
778, 780
780, 778
779, 780
780, 779
779, 781
781, 779
781, 783
783, 781
786, 789
789, 786
787, 788
788, 787
788, 790
790, 788
789, 791
791, 789
793, 796
796, 793
799, 803
803, 799
800, 803
803, 800
802, 805
805, 802
804, 805
805, 804
806, 810
810, 806
808, 811
811, 808
813, 818
818, 813
814, 819
819, 814
815, 817
817, 815
820, 822
822, 820
820, 823
823, 820
821, 822
822, 821
822, 825
825, 822
823, 824
824, 823
827, 831
831, 827
828, 830
830, 828
832, 833
833, 832
834, 837
837, 834
835, 838
838, 835
836, 839
839, 836
837, 840
840, 837
839, 840
840, 839
843, 846
846, 843
845, 847
847, 845
849, 854
854, 849
852, 853
853, 852
855, 859
859, 855
856, 858
858, 856
857, 860
860, 857
858, 861
861, 858
862, 865
865, 862
864, 865
865, 864
864, 867
867, 864
864, 868
868, 864
866, 867
867, 866
870, 874
874, 870
871, 873
873, 871
872, 873
873, 872
872, 874
874, 872
872, 875
875, 872
877, 881
881, 877
879, 880
880, 879
883, 886
886, 883
884, 888
888, 884
885, 889
889, 885
890, 892
892, 890
892, 896
896, 892
897, 903
903, 897
898, 902
902, 898
899, 901
901, 899
904, 909
909, 904
906, 907
907, 906
907, 910
910, 907
913, 915
915, 913
914, 916
916, 914
914, 917
917, 914
918, 922
922, 918
920, 921
921, 920
922, 924
924, 922
926, 928
928, 926
926, 929
929, 926
927, 928
928, 927
930, 931
931, 930
933, 934
934, 933
934, 935
935, 934
935, 936
936, 935
936, 937
937, 936
939, 941
941, 939
940, 942
942, 940
942, 943
943, 942
943, 944
944, 943
944, 945
945, 944
946, 949
949, 946
948, 950
950, 948
949, 951
951, 949
950, 952
952, 950
954, 959
959, 954
961, 966
966, 961
962, 965
965, 962
963, 964
964, 963
967, 970
970, 967
968, 972
972, 968
969, 971
971, 969
970, 973
973, 970
976, 978
978, 976
978, 979
979, 978
981, 985
985, 981
982, 984
984, 982
983, 984
984, 983
983, 985
985, 983
984, 986
986, 984
985, 987
987, 985
988, 992
992, 988
988, 993
993, 988
990, 991
991, 990
992, 994
994, 992
999, 1000
1000, 999
1000, 1001
1001, 1000
1003, 1007
1007, 1003
1004, 1007
1007, 1004
1005, 1006
1006, 1005
1009, 1015
1015, 1009
1011, 1014
1014, 1011
1016, 1020
1020, 1016
1018, 1019
1019, 1018
1019, 1022
1022, 1019
1024, 1025
1025, 1024
1026, 1027
1027, 1026
1027, 1028
1028, 1027
1030, 1033
1033, 1030
1031, 1036
1036, 1031
1039, 1040
1040, 1039
1040, 1041
1041, 1040
1041, 1042
1042, 1041
1042, 1043
1043, 1042
1044, 1047
1047, 1044
1045, 1046
1046, 1045
1046, 1049
1049, 1046
1047, 1048
1048, 1047
1048, 1050
1050, 1048
1051, 1055
1055, 1051
1052, 1056
1056, 1052
1053, 1054
1054, 1053
1054, 1057
1057, 1054
1058, 1063
1063, 1058
1059, 1064
1064, 1059
1061, 1062
1062, 1061
1065, 1069
1069, 1065
1066, 1070
1070, 1066
1073, 1076
1076, 1073
1074, 1076
1076, 1074
1074, 1077
1077, 1074
1075, 1078
1078, 1075
1079, 1085
1085, 1079
1080, 1083
1083, 1080
1081, 1083
1083, 1081
1082, 1084
1084, 1082
1087, 1092
1092, 1087
1088, 1091
1091, 1088
1089, 1091
1091, 1089
1094, 1097
1097, 1094
1095, 1098
1098, 1095
1096, 1098
1098, 1096
1096, 1099
1099, 1096
1100, 1106
1106, 1100
1101, 1105
1105, 1101
1103, 1104
1104, 1103
1108, 1111
1111, 1108
1109, 1110
1110, 1109
1110, 1113
1113, 1110
1114, 1118
1118, 1114
1117, 1119
1119, 1117
1121, 1124
1124, 1121
1122, 1125
1125, 1122
1124, 1127
1127, 1124
1125, 1126
1126, 1125
1128, 1131
1131, 1128
1128, 1132
1132, 1128
1128, 1133
1133, 1128
1132, 1134
1134, 1132
1136, 1139
1139, 1136
1138, 1140
1140, 1138
1142, 1147
1147, 1142
1143, 1146
1146, 1143
1149, 1152
1152, 1149
1150, 1153
1153, 1150
1151, 1153
1153, 1151
1153, 1155
1155, 1153
1156, 1159
1159, 1156
1157, 1160
1160, 1157
1158, 1161
1161, 1158
1159, 1162
1162, 1159
1163, 1168
1168, 1163
1166, 1167
1167, 1166
1168, 1169
1169, 1168
1171, 1172
1172, 1171
1172, 1174
1174, 1172
1174, 1175
1175, 1174
1175, 1176
1176, 1175
1177, 1180
1180, 1177
1179, 1181
1181, 1179
1180, 1183
1183, 1180
1181, 1182
1182, 1181
1186, 1188
1188, 1186
1187, 1189
1189, 1187
1187, 1190
1190, 1187
1192, 1194
1194, 1192
1192, 1196
1196, 1192
1193, 1195
1195, 1193
1195, 1197
1197, 1195
1196, 1197
1197, 1196
1199, 1201
1201, 1199
1199, 1202
1202, 1199
1200, 1201
1201, 1200
1201, 1203
1203, 1201
1202, 1204
1204, 1202
1205, 1210
1210, 1205
1206, 1209
1209, 1206
1207, 1208
1208, 1207
1209, 1211
1211, 1209
1213, 1215
1215, 1213
1215, 1217
1217, 1215
1219, 1223
1223, 1219
1220, 1222
1222, 1220
1221, 1224
1224, 1221
1222, 1225
1225, 1222
1227, 1230
1230, 1227
1228, 1231
1231, 1228
1234, 1237
1237, 1234
1235, 1236
1236, 1235
1236, 1238
1238, 1236
1241, 1244
1244, 1241
1242, 1246
1246, 1242
1243, 1244
1244, 1243
1243, 1245
1245, 1243
1247, 1251
1251, 1247
1248, 1252
1252, 1248
1249, 1250
1250, 1249
1250, 1253
1253, 1250
1254, 1258
1258, 1254
1255, 1257
1257, 1255
1256, 1259
1259, 1256
1259, 1260
1260, 1259
1262, 1264
1264, 1262
1263, 1265
1265, 1263
1264, 1267
1267, 1264
1265, 1266
1266, 1265
1275, 1280
1280, 1275
1278, 1279
1279, 1278
1279, 1281
1281, 1279
1284, 1286
1286, 1284
1285, 1288
1288, 1285
1286, 1287
1287, 1286
1291, 1294
1294, 1291
1292, 1293
1293, 1292
1294, 1295
1295, 1294
1299, 1300
1300, 1299
1306, 1309
1309, 1306
1307, 1309
1309, 1307
1311, 1315
1315, 1311
1312, 1314
1314, 1312
1313, 1316
1316, 1313
1317, 1321
1321, 1317
1318, 1320
1320, 1318
1319, 1322
1322, 1319
1321, 1323
1323, 1321
1324, 1327
1327, 1324
1326, 1328
1328, 1326
1331, 1335
1335, 1331
1332, 1333
1333, 1332
1336, 1337
1337, 1336
1338, 1341
1341, 1338
1339, 1342
1342, 1339
1341, 1343
1343, 1341
1341, 1344
1344, 1341
1345, 1348
1348, 1345
1345, 1349
1349, 1345
1349, 1351
1351, 1349
1354, 1356
1356, 1354
1354, 1358
1358, 1354
1355, 1357
1357, 1355
1360, 1363
1363, 1360
1362, 1364
1364, 1362
1364, 1365
1365, 1364
1366, 1369
1369, 1366
1368, 1370
1370, 1368
1369, 1371
1371, 1369
1370, 1371
1371, 1370
1370, 1372
1372, 1370
1373, 1376
1376, 1373
1374, 1378
1378, 1374
1375, 1377
1377, 1375
1380, 1384
1384, 1380
1382, 1383
1383, 1382
1383, 1385
1385, 1383
1384, 1386
1386, 1384
1388, 1393
1393, 1388
1389, 1391
1391, 1389
1390, 1391
1391, 1390
1390, 1392
1392, 1390
1394, 1398
1398, 1394
1395, 1399
1399, 1395
1396, 1397
1397, 1396
1402, 1405
1405, 1402
1403, 1404
1404, 1403
1404, 1406
1406, 1404
1408, 1412
1412, 1408
1410, 1411
1411, 1410
1411, 1414
1414, 1411
1416, 1419
1419, 1416
1417, 1420
1420, 1417
1418, 1421
1421, 1418
1424, 1427
1427, 1424
1425, 1428
1428, 1425
1429, 1432
1432, 1429
1432, 1433
1433, 1432
1433, 1435
1435, 1433
1437, 1441
1441, 1437
1438, 1442
1442, 1438
1439, 1440
1440, 1439
1444, 1448
1448, 1444
1445, 1447
1447, 1445
1446, 1449
1449, 1446
1451, 1455
1455, 1451
1452, 1454
1454, 1452
1455, 1456
1456, 1455
1457, 1461
1461, 1457
1458, 1461
1461, 1458
1459, 1462
1462, 1459
1464, 1469
1469, 1464
1465, 1468
1468, 1465
1466, 1467
1467, 1466
1468, 1470
1470, 1468
1473, 1476
1476, 1473
1474, 1475
1475, 1474
1478, 1482
1482, 1478
1479, 1480
1480, 1479
1481, 1483
1483, 1481
1483, 1484
1484, 1483
1486, 1488
1488, 1486
1488, 1491
1491, 1488
1493, 1495
1495, 1493
1493, 1496
1496, 1493
1494, 1495
1495, 1494
1495, 1497
1497, 1495
1496, 1497
1497, 1496
1496, 1498
1498, 1496
1500, 1502
1502, 1500
1501, 1503
1503, 1501
1502, 1505
1505, 1502
1503, 1504
1504, 1503
1507, 1511
1511, 1507
1508, 1510
1510, 1508
1509, 1512
1512, 1509
1510, 1512
1512, 1510
1514, 1517
1517, 1514
1515, 1516
1516, 1515
1518, 1519
1519, 1518
1522, 1525
1525, 1522
1523, 1525
1525, 1523
1525, 1526
1526, 1525
1528, 1529
1529, 1528
1529, 1533
1533, 1529
1530, 1531
1531, 1530
1535, 1538
1538, 1535
1536, 1539
1539, 1536
1537, 1540
1540, 1537
1541, 1546
1546, 1541
1542, 1546
1546, 1542
1544, 1547
1547, 1544
1549, 1552
1552, 1549
1550, 1552
1552, 1550
1550, 1553
1553, 1550
1556, 1560
1560, 1556
1558, 1561
1561, 1558
1563, 1564
1564, 1563
1565, 1566
1566, 1565
1566, 1567
1567, 1566
1567, 1568
1568, 1567
1569, 1575
1575, 1569
1570, 1572
1572, 1570
1573, 1574
1574, 1573
1577, 1580
1580, 1577
1578, 1579
1579, 1578
1579, 1581
1581, 1579
1580, 1582
1582, 1580
1583, 1585
1585, 1583
1584, 1586
1586, 1584
1585, 1588
1588, 1585
1586, 1587
1587, 1586
1588, 1589
1589, 1588
1590, 1593
1593, 1590
1591, 1595
1595, 1591
1592, 1594
1594, 1592
1593, 1596
1596, 1593
1597, 1602
1602, 1597
1602, 1603
1603, 1602
1605, 1608
1608, 1605
1606, 1607
1607, 1606
1607, 1609
1609, 1607
1608, 1610
1610, 1608
1611, 1615
1615, 1611
1612, 1616
1616, 1612
1613, 1614
1614, 1613
1614, 1617
1617, 1614
1619, 1622
1622, 1619
1620, 1623
1623, 1620
1623, 1624
1624, 1623
1627, 1628
1628, 1627
1628, 1631
1631, 1628
1632, 1635
1635, 1632
1634, 1637
1637, 1634
1636, 1638
1638, 1636
1639, 1643
1643, 1639
1640, 1642
1642, 1640
1641, 1642
1642, 1641
1641, 1644
1644, 1641
1644, 1645
1645, 1644
1646, 1651
1651, 1646
1649, 1651
1651, 1649
1649, 1652
1652, 1649
1655, 1657
1657, 1655
1657, 1658
1658, 1657
1657, 1659
1659, 1657
1660, 1664
1664, 1660
1660, 1665
1665, 1660
1661, 1664
1664, 1661
1662, 1663
1663, 1662
1664, 1666
1666, 1664
1667, 1670
1670, 1667
1668, 1671
1671, 1668
1669, 1672
1672, 1669
1674, 1679
1679, 1674
1677, 1678
1678, 1677
1682, 1687
1687, 1682
1683, 1684
1684, 1683
1685, 1686
1686, 1685
1688, 1692
1692, 1688
1689, 1693
1693, 1689
1690, 1694
1694, 1690
1691, 1694
1694, 1691
1695, 1699
1699, 1695
1696, 1700
1700, 1696
1697, 1698
1698, 1697
1702, 1704
1704, 1702
1703, 1705
1705, 1703
1704, 1707
1707, 1704
1707, 1708
1708, 1707
1709, 1711
1711, 1709
1716, 1722
1722, 1716
1717, 1720
1720, 1717
1719, 1721
1721, 1719
1723, 1726
1726, 1723
1725, 1727
1727, 1725
1726, 1728
1728, 1726
1728, 1729
1729, 1728
1730, 1733
1733, 1730
1732, 1734
1734, 1732
1733, 1735
1735, 1733
1734, 1736
1736, 1734
1738, 1741
1741, 1738
1739, 1743
1743, 1739
1740, 1742
1742, 1740
1744, 1747
1747, 1744
1745, 1748
1748, 1745
1746, 1749
1749, 1746
1748, 1750
1750, 1748
1749, 1750
1750, 1749
1751, 1756
1756, 1751
1753, 1755
1755, 1753
1755, 1757
1757, 1755
1759, 1762
1762, 1759
1760, 1763
1763, 1760
1761, 1764
1764, 1761
1765, 1770
1770, 1765
1767, 1768
1768, 1767
1769, 1771
1771, 1769
1773, 1776
1776, 1773
1774, 1775
1775, 1774
1775, 1777
1777, 1775
1776, 1778
1778, 1776
1779, 1783
1783, 1779
1780, 1782
1782, 1780
1781, 1784
1784, 1781
1783, 1785
1785, 1783
1784, 1785
1785, 1784
1787, 1788
1788, 1787
1788, 1791
1791, 1788
1789, 1790
1790, 1789
1791, 1792
1792, 1791
1793, 1796
1796, 1793
1794, 1795
1795, 1794
1796, 1797
1797, 1796
1798, 1799
1799, 1798
1800, 1802
1802, 1800
1801, 1803
1803, 1801
1803, 1804
1804, 1803
1807, 1811
1811, 1807
1809, 1810
1810, 1809
1810, 1813
1813, 1810
1814, 1818
1818, 1814
1818, 1819
1819, 1818
1822, 1826
1826, 1822
1824, 1825
1825, 1824
1824, 1827
1827, 1824
1830, 1833
1833, 1830
1831, 1832
1832, 1831
1833, 1834
1834, 1833
1837, 1840
1840, 1837
1838, 1839
1839, 1838
1842, 1844
1844, 1842
1844, 1845
1845, 1844
1845, 1846
1846, 1845
1846, 1847
1847, 1846
1849, 1853
1853, 1849
1850, 1852
1852, 1850
1851, 1854
1854, 1851
1854, 1855
1855, 1854
1856, 1858
1858, 1856
1857, 1859
1859, 1857
1858, 1861
1861, 1858
1859, 1860
1860, 1859
1860, 1862
1862, 1860
1863, 1867
1867, 1863
1865, 1868
1868, 1865
1866, 1868
1868, 1866
1866, 1869
1869, 1866
1870, 1874
1874, 1870
1871, 1873
1873, 1871
1872, 1873
1873, 1872
1877, 1883
1883, 1877
1878, 1882
1882, 1878
1879, 1880
1880, 1879
1885, 1888
1888, 1885
1886, 1887
1887, 1886
1887, 1890
1890, 1887
1888, 1889
1889, 1888
1893, 1897
1897, 1893
1894, 1896
1896, 1894
1898, 1903
1903, 1898
1899, 1902
1902, 1899
1900, 1902
1902, 1900
1900, 1904
1904, 1900
1906, 1909
1909, 1906
1907, 1910
1910, 1907
1914, 1916
1916, 1914
1915, 1917
1917, 1915
1920, 1922
1922, 1920
1921, 1923
1923, 1921
1922, 1924
1924, 1922
1923, 1925
1925, 1923
1926, 1931
1931, 1926
1927, 1929
1929, 1927
1928, 1930
1930, 1928
1930, 1932
1932, 1930
1933, 1936
1936, 1933
1935, 1936
1936, 1935
1938, 1939
1939, 1938
1942, 1945
1945, 1942
1943, 1944
1944, 1943
1944, 1946
1946, 1944
1951, 1953
1953, 1951
1954, 1957
1957, 1954
1956, 1957
1957, 1956
1956, 1958
1958, 1956
1957, 1960
1960, 1957
1958, 1959
1959, 1958
1962, 1963
1963, 1962
1963, 1965
1965, 1963
1964, 1966
1966, 1964
1966, 1967
1967, 1966
1968, 1971
1971, 1968
1970, 1972
1972, 1970
1971, 1973
1973, 1971
1973, 1974
1974, 1973
1975, 1979
1979, 1975
1976, 1980
1980, 1976
1977, 1979
1979, 1977
1978, 1981
1981, 1978
1983, 1988
1988, 1983
1985, 1987
1987, 1985
1989, 1991
1991, 1989
1991, 1992
1992, 1991
1992, 1993
1993, 1992
1993, 1994
1994, 1993
1997, 2001
2001, 1997
1998, 2000
2000, 1998
1999, 2000
2000, 1999
2004, 2006
2006, 2004
2005, 2009
2009, 2005
2007, 2008
2008, 2007
2008, 2009
2009, 2008
2011, 2015
2015, 2011
2013, 2014
2014, 2013
2015, 2016
2016, 2015
2017, 2021
2021, 2017
2020, 2022
2022, 2020
2024, 2027
2027, 2024
2024, 2028
2028, 2024
2024, 2029
2029, 2024
2026, 2027
2027, 2026
2029, 2030
2030, 2029
2031, 2035
2035, 2031
2032, 2036
2036, 2032
2033, 2035
2035, 2033
2034, 2036
2036, 2034
2039, 2041
2041, 2039
2040, 2042
2042, 2040
2042, 2043
2043, 2042
2043, 2044
2044, 2043
2046, 2048
2048, 2046
2047, 2049
2049, 2047
2047, 2050
2050, 2047
2050, 2051
2051, 2050
2053, 2055
2055, 2053
2054, 2056
2056, 2054
2055, 2058
2058, 2055
2056, 2057
2057, 2056
2060, 2061
2061, 2060
2062, 2063
2063, 2062
2064, 2065
2065, 2064
2066, 2070
2070, 2066
2068, 2070
2070, 2068
2069, 2071
2071, 2069
2076, 2079
2079, 2076
2077, 2078
2078, 2077
2078, 2079
2079, 2078
2081, 2083
2083, 2081
2082, 2085
2085, 2082
2083, 2084
2084, 2083
2085, 2086
2086, 2085
2087, 2091
2091, 2087
2089, 2090
2090, 2089
2090, 2093
2093, 2090
2091, 2092
2092, 2091
2094, 2097
2097, 2094
2103, 2107
2107, 2103
2104, 2106
2106, 2104
2108, 2112
2112, 2108
2109, 2112
2112, 2109
2110, 2113
2113, 2110
2111, 2114
2114, 2111
2116, 2120
2120, 2116
2117, 2118
2118, 2117
2118, 2121
2121, 2118
2120, 2121
2121, 2120
2122, 2124
2124, 2122
2123, 2125
2125, 2123
2124, 2126
2126, 2124
2125, 2127
2127, 2125
2127, 2128
2128, 2127
2131, 2133
2133, 2131
2133, 2135
2135, 2133
2137, 2139
2139, 2137
2139, 2140
2140, 2139
2140, 2141
2141, 2140
2141, 2142
2142, 2141
2143, 2146
2146, 2143
2144, 2145
2145, 2144
2145, 2148
2148, 2145
2146, 2147
2147, 2146
2147, 2149
2149, 2147
2152, 2153
2153, 2152
2153, 2154
2154, 2153
2154, 2155
2155, 2154
2155, 2156
2156, 2155
2159, 2162
2162, 2159
2160, 2161
2161, 2160
2161, 2163
2163, 2161
2167, 2168
2168, 2167
2168, 2170
2170, 2168
2171, 2174
2174, 2171
2172, 2176
2176, 2172
2173, 2177
2177, 2173
2175, 2177
2177, 2175
2178, 2184
2184, 2178
2179, 2183
2183, 2179
2181, 2182
2182, 2181
2187, 2188
2188, 2187
2188, 2190
2190, 2188
2189, 2191
2191, 2189
2193, 2197
2197, 2193
2195, 2196
2196, 2195
2200, 2202
2202, 2200
2201, 2203
2203, 2201
2202, 2204
2204, 2202
2203, 2204
2204, 2203
2203, 2205
2205, 2203
2206, 2210
2210, 2206
2209, 2211
2211, 2209
2211, 2212
2212, 2211
2213, 2217
2217, 2213
2216, 2219
2219, 2216
2221, 2225
2225, 2221
2222, 2224
2224, 2222
2227, 2231
2231, 2227
2229, 2230
2230, 2229
2230, 2233
2233, 2230
2231, 2232
2232, 2231
2234, 2240
2240, 2234
2236, 2238
2238, 2236
2237, 2239
2239, 2237
2243, 2245
2245, 2243
2245, 2246
2246, 2245
2246, 2247
2247, 2246
2250, 2252
2252, 2250
2251, 2253
2253, 2251
2253, 2254
2254, 2253
2256, 2260
2260, 2256
2257, 2261
2261, 2257
2262, 2266
2266, 2262
2263, 2266
2266, 2263
2263, 2267
2267, 2263
2264, 2265
2265, 2264
2265, 2268
2268, 2265
2269, 2272
2272, 2269
2271, 2273
2273, 2271
2272, 2274
2274, 2272
2273, 2274
2274, 2273
2276, 2280
2280, 2276
2277, 2281
2281, 2277
2278, 2280
2280, 2278
2279, 2282
2282, 2279
2284, 2289
2289, 2284
2285, 2287
2287, 2285
2286, 2287
2287, 2286
2286, 2288
2288, 2286
2291, 2296
2296, 2291
2292, 2295
2295, 2292
2293, 2294
2294, 2293
2298, 2300
2300, 2298
2298, 2301
2301, 2298
2299, 2300
2300, 2299
2300, 2302
2302, 2300
2301, 2303
2303, 2301
2304, 2307
2307, 2304
2305, 2308
2308, 2305
2307, 2309
2309, 2307
2308, 2309
2309, 2308
2308, 2310
2310, 2308
2311, 2314
2314, 2311
2312, 2315
2315, 2312
2313, 2315
2315, 2313
2314, 2317
2317, 2314
2318, 2321
2321, 2318
2319, 2320
2320, 2319
2320, 2323
2323, 2320
2327, 2329
2329, 2327
2329, 2331
2331, 2329
2332, 2336
2336, 2332
2334, 2337
2337, 2334
2340, 2342
2342, 2340
2341, 2343
2343, 2341
2342, 2345
2345, 2342
2343, 2344
2344, 2343
2346, 2348
2348, 2346
2347, 2348
2348, 2347
2347, 2349
2349, 2347
2349, 2350
2350, 2349
2350, 2351
2351, 2350
2351, 2352
2352, 2351
2355, 2357
2357, 2355
2356, 2358
2358, 2356
2360, 2365
2365, 2360
2363, 2364
2364, 2363
2368, 2371
2371, 2368
2369, 2373
2373, 2369
2370, 2372
2372, 2370
2376, 2377
2377, 2376
2381, 2386
2386, 2381
2384, 2387
2387, 2384
2388, 2391
2391, 2388
2389, 2394
2394, 2389
2390, 2393
2393, 2390
2395, 2400
2400, 2395
2395, 2401
2401, 2395
2397, 2400
2400, 2397
2398, 2399
2399, 2398
2404, 2405
2405, 2404
2406, 2407
2407, 2406
2409, 2413
2413, 2409
2414, 2415
2415, 2414
2416, 2419
2419, 2416
2417, 2421
2421, 2417
2418, 2420
2420, 2418
2420, 2422
2422, 2420
2421, 2422
2422, 2421
2424, 2425
2425, 2424
2427, 2428
2428, 2427
2428, 2429
2429, 2428
2430, 2435
2435, 2430
2431, 2436
2436, 2431
2432, 2435
2435, 2432
2433, 2434
2434, 2433
2437, 2440
2440, 2437
2437, 2441
2441, 2437
2438, 2440
2440, 2438
2439, 2441
2441, 2439
2439, 2442
2442, 2439
2440, 2443
2443, 2440
2441, 2443
2443, 2441
2444, 2448
2448, 2444
2445, 2450
2450, 2445
2446, 2448
2448, 2446
2452, 2456
2456, 2452
2453, 2457
2457, 2453
2454, 2455
2455, 2454
2458, 2462
2462, 2458
2461, 2463
2463, 2461
2465, 2468
2468, 2465
2466, 2467
2467, 2466
2467, 2470
2470, 2467
2468, 2469
2469, 2468
2470, 2471
2471, 2470
2473, 2475
2475, 2473
2474, 2476
2476, 2474
2477, 2478
2478, 2477
2480, 2483
2483, 2480
2481, 2484
2484, 2481
2482, 2485
2485, 2482
2487, 2488
2488, 2487
2488, 2489
2489, 2488
2489, 2490
2490, 2489
2490, 2491
2491, 2490
2491, 2492
2492, 2491
2493, 2496
2496, 2493
2495, 2497
2497, 2495
2496, 2499
2499, 2496
2497, 2498
2498, 2497
2497, 2499
2499, 2497
2500, 2504
2504, 2500
2501, 2503
2503, 2501
2502, 2504
2504, 2502
2505, 2506
2506, 2505
2507, 2510
2510, 2507
2508, 2511
2511, 2508
2515, 2518
2518, 2515
2516, 2518
2518, 2516
2516, 2519
2519, 2516
2517, 2520
2520, 2517
2522, 2523
2523, 2522
2523, 2524
2524, 2523
2524, 2525
2525, 2524
2525, 2526
2526, 2525
2526, 2527
2527, 2526
2528, 2531
2531, 2528
2529, 2532
2532, 2529
2535, 2538
2538, 2535
2536, 2539
2539, 2536
2537, 2538
2538, 2537
2539, 2541
2541, 2539
2543, 2546
2546, 2543
2544, 2545
2545, 2544
2545, 2547
2547, 2545
2546, 2548
2548, 2546
2550, 2553
2553, 2550
2551, 2552
2552, 2551
2552, 2554
2554, 2552
2553, 2555
2555, 2553
2557, 2560
2560, 2557
2558, 2561
2561, 2558
2560, 2562
2562, 2560
2563, 2569
2569, 2563
2565, 2568
2568, 2565
2566, 2567
2567, 2566
2572, 2575
2575, 2572
2573, 2574
2574, 2573
2575, 2576
2576, 2575
2577, 2583
2583, 2577
2578, 2581
2581, 2578
2579, 2581
2581, 2579
2580, 2582
2582, 2580
2585, 2587
2587, 2585
2586, 2588
2588, 2586
2588, 2589
2589, 2588
2589, 2590
2590, 2589
2593, 2596
2596, 2593
2594, 2595
2595, 2594
2595, 2597
2597, 2595
2598, 2600
2600, 2598
2600, 2601
2601, 2600
2601, 2602
2602, 2601
2602, 2603
2603, 2602
2605, 2608
2608, 2605
2605, 2610
2610, 2605
2607, 2608
2608, 2607
2610, 2611
2611, 2610
2612, 2615
2615, 2612
2613, 2616
2616, 2613
2614, 2617
2617, 2614
2616, 2618
2618, 2616
2619, 2622
2622, 2619
2622, 2623
2623, 2622
2624, 2625
2625, 2624
2627, 2629
2629, 2627
2631, 2632
2632, 2631
2634, 2637
2637, 2634
2635, 2638
2638, 2635
2636, 2637
2637, 2636
2638, 2639
2639, 2638
2640, 2644
2644, 2640
2641, 2643
2643, 2641
2643, 2646
2646, 2643
2644, 2645
2645, 2644
2647, 2651
2651, 2647
2649, 2652
2652, 2649
2651, 2653
2653, 2651
2654, 2659
2659, 2654
2655, 2657
2657, 2655
2656, 2658
2658, 2656
2658, 2660
2660, 2658
2659, 2660
2660, 2659
2661, 2666
2666, 2661
2663, 2667
2667, 2663
2668, 2673
2673, 2668
2669, 2672
2672, 2669
2669, 2674
2674, 2669
2675, 2679
2679, 2675
2676, 2678
2678, 2676
2677, 2680
2680, 2677
2680, 2681
2681, 2680
2683, 2686
2686, 2683
2684, 2685
2685, 2684
2685, 2688
2688, 2685
2686, 2687
2687, 2686
2690, 2692
2692, 2690
2691, 2693
2693, 2691
2692, 2695
2695, 2692
2693, 2694
2694, 2693
2697, 2701
2701, 2697
2698, 2700
2700, 2698
2699, 2702
2702, 2699
2705, 2707
2707, 2705
2706, 2708
2708, 2706
2708, 2709
2709, 2708
2711, 2716
2716, 2711
2712, 2714
2714, 2712
2713, 2714
2714, 2713
2713, 2715
2715, 2713
2719, 2721
2721, 2719
2721, 2722
2722, 2721
2721, 2723
2723, 2721
2724, 2726
2726, 2724
2726, 2728
2728, 2726
2728, 2730
2730, 2728
2731, 2735
2735, 2731
2732, 2736
2736, 2732
2733, 2734
2734, 2733
2734, 2737
2737, 2734
2739, 2744
2744, 2739
2740, 2742
2742, 2740
2741, 2743
2743, 2741
2745, 2749
2749, 2745
2746, 2748
2748, 2746
2748, 2750
2750, 2748
2750, 2751
2751, 2750
2752, 2754
2754, 2752
2756, 2758
2758, 2756
2759, 2761
2761, 2759
2760, 2762
2762, 2760
2762, 2764
2764, 2762
2764, 2765
2765, 2764
2766, 2769
2769, 2766
2768, 2770
2770, 2768
2770, 2771
2771, 2770
2773, 2776
2776, 2773
2776, 2778
2778, 2776
2782, 2784
2784, 2782
2789, 2792
2792, 2789
2790, 2791
2791, 2790
2797, 2800
2800, 2797
2798, 2800
2800, 2798
2801, 2803
2803, 2801
2802, 2804
2804, 2802
2803, 2805
2805, 2803
2804, 2806
2806, 2804
2806, 2807
2807, 2806
2809, 2812
2812, 2809
2810, 2813
2813, 2810
2811, 2814
2814, 2811
2815, 2818
2818, 2815
2816, 2820
2820, 2816
2817, 2818
2818, 2817
2817, 2819
2819, 2817
2819, 2821
2821, 2819
2823, 2828
2828, 2823
2830, 2833
2833, 2830
2833, 2834
2834, 2833
2834, 2835
2835, 2834
2837, 2839
2839, 2837
2838, 2840
2840, 2838
2840, 2841
2841, 2840
2845, 2846
2846, 2845
2847, 2848
2848, 2847
2848, 2849
2849, 2848
2850, 2853
2853, 2850
2851, 2853
2853, 2851
2851, 2855
2855, 2851
2857, 2860
2860, 2857
2858, 2863
2863, 2858
2861, 2862
2862, 2861
2864, 2867
2867, 2864
2865, 2868
2868, 2865
2865, 2869
2869, 2865
2869, 2870
2870, 2869
2873, 2876
2876, 2873
2875, 2876
2876, 2875
2875, 2877
2877, 2875
2879, 2882
2882, 2879
2880, 2883
2883, 2880
2882, 2884
2884, 2882
2885, 2890
2890, 2885
2886, 2888
2888, 2886
2887, 2889
2889, 2887
2890, 2891
2891, 2890
2892, 2895
2895, 2892
2892, 2897
2897, 2892
2893, 2896
2896, 2893
2895, 2898
2898, 2895
2897, 2898
2898, 2897
2899, 2904
2904, 2899
2901, 2903
2903, 2901
2903, 2905
2905, 2903
2906, 2912
2912, 2906
2908, 2911
2911, 2908
2913, 2918
2918, 2913
2914, 2917
2917, 2914
2914, 2918
2918, 2914
2914, 2919
2919, 2914
2920, 2924
2924, 2920
2921, 2922
2922, 2921
2922, 2925
2925, 2922
2924, 2925
2925, 2924
2924, 2926
2926, 2924
2928, 2931
2931, 2928
2930, 2932
2932, 2930
2931, 2933
2933, 2931
2936, 2937
2937, 2936
2937, 2940
2940, 2937
2942, 2946
2946, 2942
2943, 2945
2945, 2943
2944, 2947
2947, 2944
2949, 2951
2951, 2949
2950, 2952
2952, 2950
2952, 2953
2953, 2952
2953, 2954
2954, 2953
2957, 2958
2958, 2957
2960, 2961
2961, 2960
2964, 2967
2967, 2964
2967, 2968
2968, 2967
2969, 2973
2973, 2969
2974, 2975
2975, 2974
2976, 2980
2980, 2976
2978, 2979
2979, 2978
2979, 2982
2982, 2979
2980, 2981
2981, 2980
2985, 2989
2989, 2985
2986, 2987
2987, 2986
2990, 2993
2993, 2990
2991, 2992
2992, 2991
2993, 2995
2995, 2993
2997, 3000
3000, 2997
3000, 3003
3003, 3000
3004, 3008
3008, 3004
3005, 3009
3009, 3005
3012, 3016
3016, 3012
3014, 3015
3015, 3014
3015, 3017
3017, 3015
3018, 3021
3021, 3018
3018, 3023
3023, 3018
3025, 3030
3030, 3025
3026, 3028
3028, 3026
3027, 3029
3029, 3027
3029, 3031
3031, 3029
3032, 3035
3035, 3032
3033, 3035
3035, 3033
3033, 3036
3036, 3033
3034, 3037
3037, 3034
3035, 3038
3038, 3035
3041, 3043
3043, 3041
3041, 3045
3045, 3041
3046, 3052
3052, 3046
3048, 3052
3052, 3048
3050, 3051
3051, 3050
3054, 3057
3057, 3054
3061, 3064
3064, 3061
3062, 3063
3063, 3062
3063, 3066
3066, 3063
3064, 3065
3065, 3064
3067, 3069
3069, 3067
3068, 3070
3070, 3068
3069, 3072
3072, 3069
3070, 3071
3071, 3070
3072, 3073
3073, 3072
3074, 3077
3077, 3074
3075, 3079
3079, 3075
3078, 3080
3080, 3078
3082, 3085
3085, 3082
3084, 3087
3087, 3084
3088, 3090
3090, 3088
3089, 3090
3090, 3089
3089, 3092
3092, 3089
3091, 3093
3093, 3091
3093, 3094
3094, 3093
3095, 3099
3099, 3095
3097, 3098
3098, 3097
3100, 3101
3101, 3100
3103, 3107
3107, 3103
3104, 3106
3106, 3104
3105, 3108
3108, 3105
3111, 3112
3112, 3111
3113, 3115
3115, 3113
3116, 3119
3119, 3116
3116, 3121
3121, 3116
3117, 3119
3119, 3117
3118, 3120
3120, 3118
3121, 3122
3122, 3121
3124, 3127
3127, 3124
3125, 3129
3129, 3125
3126, 3128
3128, 3126
3131, 3135
3135, 3131
3133, 3135
3135, 3133
3133, 3136
3136, 3133
3137, 3140
3140, 3137
3138, 3141
3141, 3138
3139, 3142
3142, 3139
3141, 3143
3143, 3141
3145, 3148
3148, 3145
3146, 3147
3147, 3146
3148, 3150
3150, 3148
3154, 3157
3157, 3154
3155, 3156
3156, 3155
3158, 3161
3161, 3158
3159, 3162
3162, 3159
3160, 3163
3163, 3160
3163, 3164
3164, 3163
3167, 3168
3168, 3167
3168, 3170
3170, 3168
3168, 3171
3171, 3168
3172, 3176
3176, 3172
3174, 3177
3177, 3174
3175, 3178
3178, 3175
3179, 3183
3183, 3179
3181, 3182
3182, 3181
3182, 3184
3184, 3182
3183, 3185
3185, 3183
3186, 3190
3190, 3186
3186, 3191
3191, 3186
3189, 3192
3192, 3189
3191, 3192
3192, 3191
3193, 3197
3197, 3193
3195, 3198
3198, 3195
3196, 3198
3198, 3196
3200, 3205
3205, 3200
3201, 3203
3203, 3201
3202, 3206
3206, 3202
3204, 3206
3206, 3204
3208, 3210
3210, 3208
3209, 3210
3210, 3209
3210, 3211
3211, 3210
3211, 3212
3212, 3211
3212, 3213
3213, 3212
3215, 3218
3218, 3215
3216, 3219
3219, 3216
3218, 3220
3220, 3218
3222, 3224
3224, 3222
3223, 3224
3224, 3223
3223, 3226
3226, 3223
3228, 3232
3232, 3228
3229, 3232
3232, 3229
3229, 3234
3234, 3229
3231, 3233
3233, 3231
3235, 3239
3239, 3235
3236, 3239
3239, 3236
3237, 3238
3238, 3237
3238, 3241
3241, 3238
3244, 3245
3245, 3244
3245, 3247
3247, 3245
3245, 3248
3248, 3245
3246, 3247
3247, 3246
3251, 3253
3253, 3251
3251, 3254
3254, 3251
3252, 3253
3253, 3252
3254, 3255
3255, 3254
3257, 3261
3261, 3257
3258, 3260
3260, 3258
3259, 3262
3262, 3259
3263, 3267
3267, 3263
3264, 3266
3266, 3264
3266, 3268
3268, 3266
3267, 3269
3269, 3267
3271, 3276
3276, 3271
3272, 3274
3274, 3272
3277, 3280
3280, 3277
3278, 3281
3281, 3278
3280, 3282
3282, 3280
3281, 3283
3283, 3281
3284, 3288
3288, 3284
3286, 3287
3287, 3286
3287, 3289
3289, 3287
3288, 3290
3290, 3288
3291, 3295
3295, 3291
3295, 3297
3297, 3295
3296, 3297
3297, 3296
3298, 3302
3302, 3298
3300, 3304
3304, 3300
3301, 3303
3303, 3301
3305, 3308
3308, 3305
3306, 3309
3309, 3306
3307, 3310
3310, 3307
3308, 3311
3311, 3308
3312, 3316
3316, 3312
3314, 3315
3315, 3314
3315, 3318
3318, 3315
3316, 3317
3317, 3316
3319, 3321
3321, 3319
3321, 3323
3323, 3321
3323, 3324
3324, 3323
3324, 3325
3325, 3324
3326, 3330
3330, 3326
3336, 3339
3339, 3336
3340, 3343
3343, 3340
3341, 3342
3342, 3341
3342, 3344
3344, 3342
3343, 3345
3345, 3343
3344, 3346
3346, 3344
3347, 3351
3351, 3347
3348, 3352
3352, 3348
3349, 3350
3350, 3349
3350, 3353
3353, 3350
3354, 3359
3359, 3354
3356, 3360
3360, 3356
3361, 3365
3365, 3361
3363, 3367
3367, 3363
3369, 3372
3372, 3369
3372, 3373
3373, 3372
3375, 3379
3379, 3375
3377, 3378
3378, 3377
3378, 3381
3381, 3378
3382, 3387
3387, 3382
3382, 3388
3388, 3382
3384, 3387
3387, 3384
3385, 3386
3386, 3385
3391, 3393
3393, 3391
3394, 3395
3395, 3394
3398, 3399
3399, 3398
3399, 3400
3400, 3399
3400, 3401
3401, 3400
3401, 3402
3402, 3401
3405, 3407
3407, 3405
3406, 3409
3409, 3406
3408, 3409
3409, 3408
3412, 3415
3415, 3412
3413, 3414
3414, 3413
3417, 3420
3420, 3417
3417, 3422
3422, 3417
3418, 3421
3421, 3418
3422, 3423
3423, 3422
3424, 3429
3429, 3424
3428, 3430
3430, 3428
3431, 3434
3434, 3431
3432, 3435
3435, 3432
3438, 3442
3442, 3438
3441, 3442
3442, 3441
3441, 3444
3444, 3441
3445, 3450
3450, 3445
3446, 3448
3448, 3446
3447, 3449
3449, 3447
3450, 3451
3451, 3450
3452, 3454
3454, 3452
3455, 3456
3456, 3455
3457, 3458
3458, 3457
3459, 3463
3463, 3459
3460, 3462
3462, 3460
3461, 3462
3462, 3461
3461, 3464
3464, 3461
3463, 3465
3465, 3463
3469, 3471
3471, 3469
3470, 3472
3472, 3470
3474, 3476
3476, 3474
3475, 3477
3477, 3475
3477, 3479
3479, 3477
3480, 3482
3482, 3480
3483, 3484
3484, 3483
3485, 3486
3486, 3485
3488, 3490
3490, 3488
3489, 3491
3491, 3489
3489, 3492
3492, 3489
3492, 3493
3493, 3492
3494, 3498
3498, 3494
3495, 3497
3497, 3495
3497, 3500
3500, 3497
