2, 3
3, 2
3, 6
6, 3
4, 5
5, 4
5, 7
7, 5
7, 8
8, 7
10, 14
14, 10
12, 13
13, 12
13, 15
15, 13
14, 16
16, 14
15, 17
17, 15
19, 24
24, 19
21, 24
24, 21
22, 23
23, 22
23, 26
26, 23
24, 25
25, 24
26, 27
27, 26
28, 34
34, 28
31, 33
33, 31
33, 36
36, 33
38, 42
42, 38
40, 41
41, 40
43, 44
44, 43
47, 49
49, 47
49, 51
51, 49
49, 52
52, 49
50, 51
51, 50
52, 53
53, 52
53, 54
54, 53
56, 59
59, 56
57, 60
60, 57
58, 61
61, 58
59, 61
61, 59
61, 63
63, 61
67, 70
70, 67
73, 80
80, 73
82, 87
87, 82
86, 89
89, 86
87, 90
90, 87
91, 96
96, 91
96, 97
97, 96
97, 98
98, 97
98, 99
99, 98
100, 106
106, 100
102, 104
104, 102
103, 104
104, 103
103, 106
106, 103
104, 107
107, 104
106, 108
108, 106
109, 115
115, 109
110, 116
116, 110
116, 117
117, 116
121, 123
123, 121
122, 125
125, 122
123, 126
126, 123
127, 131
131, 127
128, 130
130, 128
131, 133
133, 131
136, 141
141, 136
138, 140
140, 138
139, 141
141, 139
140, 142
142, 140
142, 144
144, 142
145, 151
151, 145
146, 149
149, 146
147, 151
151, 147
147, 152
152, 147
148, 150
150, 148
151, 153
153, 151
155, 157
157, 155
158, 160
160, 158
160, 161
161, 160
164, 169
169, 164
165, 167
167, 165
166, 168
168, 166
169, 171
171, 169
172, 177
177, 172
175, 176
176, 175
177, 180
180, 177
181, 184
184, 181
182, 185
185, 182
184, 186
186, 184
186, 189
189, 186
187, 188
188, 187
191, 194
194, 191
192, 193
193, 192
193, 196
196, 193
194, 195
195, 194
196, 197
197, 196
197, 198
198, 197
199, 202
202, 199
200, 204
204, 200
201, 202
202, 201
201, 203
203, 201
203, 205
205, 203
204, 206
206, 204
206, 207
207, 206
208, 211
211, 208
209, 213
213, 209
210, 212
212, 210
211, 214
214, 211
219, 224
224, 219
220, 223
223, 220
226, 230
230, 226
230, 231
231, 230
231, 233
233, 231
233, 234
234, 233
236, 239
239, 236
237, 238
238, 237
238, 241
241, 238
239, 240
240, 239
244, 251
251, 244
245, 249
249, 245
247, 250
250, 247
253, 256
256, 253
254, 255
255, 254
255, 258
258, 255
256, 257
257, 256
257, 259
259, 257
258, 260
260, 258
259, 261
261, 259
262, 267
267, 262
263, 266
266, 263
264, 265
265, 264
265, 269
269, 265
266, 269
269, 266
267, 268
268, 267
271, 274
274, 271
272, 275
275, 272
274, 276
276, 274
275, 277
277, 275
276, 279
279, 276
277, 278
278, 277
280, 284
284, 280
281, 283
283, 281
283, 285
285, 283
285, 286
286, 285
286, 287
287, 286
287, 288
288, 287
289, 291
291, 289
291, 292
292, 291
292, 293
293, 292
293, 294
294, 293
296, 297
297, 296
299, 300
300, 299
300, 301
301, 300
301, 302
302, 301
302, 303
303, 302
303, 304
304, 303
305, 306
306, 305
307, 310
310, 307
308, 311
311, 308
309, 311
311, 309
309, 312
312, 309
310, 314
314, 310
312, 313
313, 312
313, 315
315, 313
316, 320
320, 316
316, 321
321, 316
316, 323
323, 316
318, 322
322, 318
321, 324
324, 321
325, 329
329, 325
329, 330
330, 329
329, 331
331, 329
330, 332
332, 330
331, 333
333, 331
336, 339
339, 336
337, 338
338, 337
339, 341
341, 339
343, 346
346, 343
345, 347
347, 345
346, 350
350, 346
347, 351
351, 347
348, 349
349, 348
353, 356
356, 353
354, 358
358, 354
358, 359
359, 358
359, 360
360, 359
362, 364
364, 362
363, 365
365, 363
364, 367
367, 364
365, 368
368, 365
367, 369
369, 367
371, 373
373, 371
372, 374
374, 372
374, 375
375, 374
375, 376
376, 375
377, 378
378, 377
380, 382
382, 380
380, 383
383, 380
382, 385
385, 382
383, 384
384, 383
384, 386
386, 384
385, 387
387, 385
389, 391
391, 389
390, 391
391, 390
390, 392
392, 390
392, 393
393, 392
393, 395
395, 393
395, 396
396, 395
397, 402
402, 397
398, 400
400, 398
399, 401
401, 399
401, 404
404, 401
402, 403
403, 402
406, 409
409, 406
407, 408
408, 407
408, 411
411, 408
411, 412
412, 411
415, 421
421, 415
418, 420
420, 418
420, 422
422, 420
424, 429
429, 424
425, 429
429, 425
425, 430
430, 425
426, 428
428, 426
427, 428
428, 427
428, 432
432, 428
429, 432
432, 429
430, 431
431, 430
433, 437
437, 433
435, 436
436, 435
436, 438
438, 436
437, 439
439, 437
438, 441
441, 438
439, 440
440, 439
442, 446
446, 442
444, 445
445, 444
447, 448
448, 447
448, 450
450, 448
451, 455
455, 451
451, 456
456, 451
451, 457
457, 451
453, 455
455, 453
454, 456
456, 454
455, 458
458, 455
456, 459
459, 456
460, 463
463, 460
461, 462
462, 461
462, 464
464, 462
463, 465
465, 463
464, 466
466, 464
466, 468
468, 466
469, 472
472, 469
469, 474
474, 469
471, 473
473, 471
474, 476
476, 474
478, 482
482, 478
479, 484
484, 479
481, 483
483, 481
483, 486
486, 483
484, 485
485, 484
487, 491
491, 487
488, 490
490, 488
490, 492
492, 490
491, 493
493, 491
492, 495
495, 492
493, 494
494, 493
496, 502
502, 496
499, 501
501, 499
500, 503
503, 500
501, 503
503, 501
502, 504
504, 502
505, 507
507, 505
506, 510
510, 506
508, 509
509, 508
509, 511
511, 509
510, 512
512, 510
511, 513
513, 511
514, 518
518, 514
515, 520
520, 515
517, 519
519, 517
519, 521
521, 519
520, 521
521, 520
523, 527
527, 523
525, 526
526, 525
526, 529
529, 526
527, 528
528, 527
528, 531
531, 528
529, 530
530, 529
534, 538
538, 534
538, 539
539, 538
541, 545
545, 541
543, 546
546, 543
545, 547
547, 545
546, 548
548, 546
547, 549
549, 547
550, 552
552, 550
551, 553
553, 551
552, 554
554, 552
552, 555
555, 552
553, 554
554, 553
554, 557
557, 554
555, 556
556, 555
559, 562
562, 559
560, 562
562, 560
560, 564
564, 560
564, 565
565, 564
565, 567
567, 565
568, 572
572, 568
570, 571
571, 570
571, 574
574, 571
572, 573
573, 572
573, 575
575, 573
575, 576
576, 575
578, 581
581, 578
579, 580
580, 579
580, 583
583, 580
581, 582
582, 581
582, 585
585, 582
587, 591
591, 587
588, 592
592, 588
589, 593
593, 589
593, 594
594, 593
595, 599
599, 595
596, 600
600, 596
606, 607
607, 606
607, 610
610, 607
614, 616
616, 614
615, 617
617, 615
616, 619
619, 616
617, 618
618, 617
618, 621
621, 618
619, 620
620, 619
622, 625
625, 622
624, 626
626, 624
625, 627
627, 625
626, 627
627, 626
627, 629
629, 627
628, 629
629, 628
629, 630
630, 629
631, 635
635, 631
632, 636
636, 632
633, 637
637, 633
635, 638
638, 635
636, 638
638, 636
636, 639
639, 636
640, 643
643, 640
641, 644
644, 641
642, 645
645, 642
643, 646
646, 643
644, 647
647, 644
645, 646
646, 645
645, 648
648, 645
650, 653
653, 650
652, 655
655, 652
653, 656
656, 653
659, 663
663, 659
660, 661
661, 660
661, 666
666, 661
662, 663
663, 662
662, 664
664, 662
663, 665
665, 663
667, 671
671, 667
667, 673
673, 667
668, 671
671, 668
669, 672
672, 669
670, 673
673, 670
671, 675
675, 671
679, 680
680, 679
680, 681
681, 680
681, 682
682, 681
683, 684
684, 683
685, 691
691, 685
686, 690
690, 686
687, 688
688, 687
688, 693
693, 688
690, 692
692, 690
694, 696
696, 694
696, 698
698, 696
698, 700
700, 698
700, 701
701, 700
701, 702
702, 701
703, 706
706, 703
704, 708
708, 704
705, 706
706, 705
708, 711
711, 708
709, 710
710, 709
712, 716
716, 712
715, 717
717, 715
716, 718
718, 716
717, 719
719, 717
718, 720
720, 718
721, 724
724, 721
722, 724
724, 722
722, 725
725, 722
725, 727
727, 725
726, 728
728, 726
727, 729
729, 727
730, 735
735, 730
731, 735
735, 731
733, 734
734, 733
734, 736
736, 734
735, 737
737, 735
737, 738
738, 737
739, 742
742, 739
740, 741
741, 740
741, 744
744, 741
742, 743
743, 742
743, 745
745, 743
744, 746
746, 744
745, 747
747, 745
748, 752
752, 748
752, 753
753, 752
753, 754
754, 753
754, 755
755, 754
755, 756
756, 755
758, 760
760, 758
759, 764
764, 759
761, 763
763, 761
768, 773
773, 768
769, 771
771, 769
770, 773
773, 770
773, 774
774, 773
775, 777
777, 775
776, 778
778, 776
778, 779
779, 778
779, 781
781, 779
786, 787
787, 786
789, 790
790, 789
790, 791
791, 790
791, 792
792, 791
795, 796
796, 795
797, 798
798, 797
799, 800
800, 799
804, 806
806, 804
805, 808
808, 805
806, 807
807, 806
807, 809
809, 807
808, 810
810, 808
811, 816
816, 811
812, 815
815, 812
815, 819
819, 815
820, 824
824, 820
821, 825
825, 821
822, 823
823, 822
823, 826
826, 823
824, 826
826, 824
824, 827
827, 824
825, 828
828, 825
831, 833
833, 831
832, 834
834, 832
835, 836
836, 835
838, 844
844, 838
839, 842
842, 839
840, 843
843, 840
841, 842
842, 841
842, 845
845, 842
844, 846
846, 844
847, 850
850, 847
848, 849
849, 848
849, 851
851, 849
850, 852
852, 850
851, 853
853, 851
852, 854
854, 852
854, 855
855, 854
857, 860
860, 857
858, 859
859, 858
860, 861
861, 860
861, 863
863, 861
862, 863
863, 862
862, 864
864, 862
865, 870
870, 865
865, 872
872, 865
867, 871
871, 867
868, 869
869, 868
871, 873
873, 871
875, 876
876, 875
876, 877
877, 876
877, 878
878, 877
878, 879
879, 878
879, 880
880, 879
880, 881
881, 880
884, 885
885, 884
888, 889
889, 888
889, 890
890, 889
890, 891
891, 890
894, 895
895, 894
895, 898
898, 895
895, 899
899, 895
897, 898
898, 897
899, 900
900, 899
901, 905
905, 901
902, 907
907, 902
903, 904
904, 903
905, 909
909, 905
906, 907
907, 906
907, 908
908, 907
910, 912
912, 910
911, 913
913, 911
912, 915
915, 912
913, 914
914, 913
914, 916
916, 914
915, 917
917, 915
916, 918
918, 916
919, 921
921, 919
921, 922
922, 921
922, 923
923, 922
923, 924
924, 923
924, 925
925, 924
925, 926
926, 925
926, 927
927, 926
929, 932
932, 929
931, 933
933, 931
933, 934
934, 933
933, 935
935, 933
935, 936
936, 935
937, 941
941, 937
938, 939
939, 938
939, 944
944, 939
940, 942
942, 940
942, 943
943, 942
946, 951
951, 946
948, 954
954, 948
949, 951
951, 949
950, 953
953, 950
955, 959
959, 955
956, 960
960, 956
957, 958
958, 957
958, 963
963, 958
960, 962
962, 960
965, 969
969, 965
966, 968
968, 966
967, 970
970, 967
970, 971
971, 970
973, 977
977, 973
974, 979
979, 974
976, 978
978, 976
978, 980
980, 978
980, 981
981, 980
982, 987
987, 982
983, 987
987, 983
984, 986
986, 984
985, 988
988, 985
988, 990
990, 988
993, 995
995, 993
995, 998
998, 995
997, 999
999, 997
998, 999
999, 998
1000, 1003
1003, 1000
1002, 1004
1004, 1002
1004, 1006
1006, 1004
1005, 1007
1007, 1005
1009, 1015
1015, 1009
1012, 1016
1016, 1012
1013, 1015
1015, 1013
1013, 1016
1016, 1013
1013, 1017
1017, 1013
1018, 1024
1024, 1018
1020, 1022
1022, 1020
1021, 1023
1023, 1021
1023, 1026
1026, 1023
1027, 1031
1031, 1027
1029, 1030
1030, 1029
1030, 1034
1034, 1030
1031, 1033
1033, 1031
1031, 1034
1034, 1031
1031, 1035
1035, 1031
1036, 1041
1041, 1036
1038, 1042
1042, 1038
1039, 1040
1040, 1039
1041, 1043
1043, 1041
1041, 1044
1044, 1041
1042, 1043
1043, 1042
1046, 1048
1048, 1046
1047, 1049
1049, 1047
1051, 1052
1052, 1051
1054, 1058
1058, 1054
1055, 1059
1059, 1055
1058, 1061
1061, 1058
1059, 1062
1062, 1059
1065, 1067
1067, 1065
1065, 1068
1068, 1065
1068, 1069
1069, 1068
1069, 1071
1071, 1069
1073, 1075
1075, 1073
1074, 1075
1075, 1074
1074, 1076
1076, 1074
1076, 1078
1078, 1076
1078, 1079
1079, 1078
1079, 1080
1080, 1079
1081, 1085
1085, 1081
1082, 1086
1086, 1082
1083, 1084
1084, 1083
1084, 1087
1087, 1084
1085, 1088
1088, 1085
1088, 1089
1089, 1088
1090, 1094
1094, 1090
1091, 1093
1093, 1091
1093, 1096
1096, 1093
1094, 1095
1095, 1094
1095, 1097
1097, 1095
1096, 1098
1098, 1096
1100, 1103
1103, 1100
1101, 1102
1102, 1101
1103, 1105
1105, 1103
1104, 1107
1107, 1104
1105, 1106
1106, 1105
1109, 1111
1111, 1109
1110, 1112
1112, 1110
1112, 1114
1114, 1112
1114, 1115
1115, 1114
1115, 1116
1116, 1115
1117, 1122
1122, 1117
1120, 1121
1121, 1120
1121, 1123
1123, 1121
1123, 1124
1124, 1123
1124, 1125
1125, 1124
1126, 1128
1128, 1126
1127, 1131
1131, 1127
1129, 1130
1130, 1129
1130, 1133
1133, 1130
1131, 1132
1132, 1131
1133, 1134
1134, 1133
1135, 1139
1139, 1135
1137, 1138
1138, 1137
1138, 1140
1140, 1138
1139, 1140
1140, 1139
1139, 1141
1141, 1139
1140, 1142
1142, 1140
1141, 1143
1143, 1141
1145, 1149
1149, 1145
1146, 1148
1148, 1146
1147, 1151
1151, 1147
1148, 1152
1152, 1148
1149, 1150
1150, 1149
1154, 1157
1157, 1154
1155, 1158
1158, 1155
1156, 1159
1159, 1156
1157, 1161
1161, 1157
1158, 1160
1160, 1158
1159, 1161
1161, 1159
1162, 1165
1165, 1162
1164, 1167
1167, 1164
1167, 1169
1169, 1167
1172, 1174
1174, 1172
1172, 1175
1175, 1172
1172, 1176
1176, 1172
1173, 1175
1175, 1173
1174, 1177
1177, 1174
1175, 1179
1179, 1175
1176, 1178
1178, 1176
1182, 1183
1183, 1182
1183, 1185
1185, 1183
1185, 1186
1186, 1185
1186, 1187
1187, 1186
1187, 1188
1188, 1187
1189, 1192
1192, 1189
1190, 1194
1194, 1190
1191, 1192
1192, 1191
1192, 1197
1197, 1192
1193, 1194
1194, 1193
1193, 1195
1195, 1193
1195, 1196
1196, 1195
1198, 1202
1202, 1198
1199, 1201
1201, 1199
1200, 1201
1201, 1200
1200, 1202
1202, 1200
1200, 1203
1203, 1200
1201, 1205
1205, 1201
1202, 1204
1204, 1202
1203, 1204
1204, 1203
1204, 1206
1206, 1204
1208, 1209
1209, 1208
1209, 1210
1210, 1209
1210, 1211
1211, 1210
1211, 1212
1212, 1211
1212, 1213
1213, 1212
1214, 1215
1215, 1214
1216, 1219
1219, 1216
1216, 1220
1220, 1216
1218, 1219
1219, 1218
1219, 1222
1222, 1219
1220, 1221
1221, 1220
1221, 1223
1223, 1221
1227, 1229
1229, 1227
1228, 1230
1230, 1228
1228, 1231
1231, 1228
1230, 1233
1233, 1230
1231, 1232
1232, 1231
1238, 1241
1241, 1238
1239, 1240
1240, 1239
1241, 1242
1242, 1241
1244, 1247
1247, 1244
1245, 1246
1246, 1245
1246, 1249
1249, 1246
1247, 1248
1248, 1247
1248, 1250
1250, 1248
1249, 1251
1251, 1249
1253, 1256
1256, 1253
1255, 1258
1258, 1255
1256, 1257
1257, 1256
1257, 1259
1259, 1257
1257, 1260
1260, 1257
1258, 1259
1259, 1258
1262, 1265
1265, 1262
1263, 1264
1264, 1263
1265, 1266
1266, 1265
1266, 1269
1269, 1266
1270, 1274
1274, 1270
1271, 1272
1272, 1271
1272, 1277
1277, 1272
1273, 1275
1275, 1273
1275, 1276
1276, 1275
1276, 1278
1278, 1276
1281, 1283
1283, 1281
1282, 1284
1284, 1282
1283, 1286
1286, 1283
1284, 1285
1285, 1284
1286, 1287
1287, 1286
1288, 1293
1293, 1288
1289, 1294
1294, 1289
1291, 1292
1292, 1291
1292, 1296
1296, 1292
1297, 1300
1300, 1297
1298, 1299
1299, 1298
1299, 1301
1301, 1299
1300, 1302
1302, 1300
1301, 1304
1304, 1301
1302, 1303
1303, 1302
1303, 1305
1305, 1303
1306, 1309
1309, 1306
1307, 1311
1311, 1307
1309, 1313
1313, 1309
1312, 1314
1314, 1312
1316, 1318
1318, 1316
1317, 1319
1319, 1317
1318, 1321
1321, 1318
1319, 1320
1320, 1319
1321, 1322
1322, 1321
1324, 1328
1328, 1324
1325, 1327
1327, 1325
1326, 1329
1329, 1326
1327, 1330
1330, 1327
1327, 1332
1332, 1327
1328, 1330
1330, 1328
1329, 1331
1331, 1329
1333, 1337
1337, 1333
1334, 1336
1336, 1334
1335, 1338
1338, 1335
1336, 1340
1340, 1336
1337, 1339
1339, 1337
1338, 1341
1341, 1338
1343, 1346
1346, 1343
1345, 1348
1348, 1345
1346, 1347
1347, 1346
1347, 1349
1349, 1347
1348, 1350
1350, 1348
1352, 1356
1356, 1352
1353, 1355
1355, 1353
1355, 1357
1357, 1355
1362, 1364
1364, 1362
1364, 1365
1365, 1364
1365, 1367
1367, 1365
1370, 1373
1373, 1370
1371, 1372
1372, 1371
1372, 1374
1374, 1372
1373, 1375
1375, 1373
1374, 1377
1377, 1374
1375, 1376
1376, 1375
1378, 1383
1383, 1378
1379, 1382
1382, 1379
1380, 1382
1382, 1380
1381, 1383
1383, 1381
1381, 1384
1384, 1381
1382, 1385
1385, 1382
1383, 1386
1386, 1383
1389, 1390
1390, 1389
1390, 1392
1392, 1390
1392, 1393
1393, 1392
1393, 1394
1394, 1393
1394, 1395
1395, 1394
1397, 1401
1401, 1397
1398, 1400
1400, 1398
1399, 1400
1400, 1399
1399, 1403
1403, 1399
1401, 1404
1404, 1401
1406, 1410
1410, 1406
1407, 1411
1411, 1407
1408, 1410
1410, 1408
1408, 1411
1411, 1408
1410, 1412
1412, 1410
1411, 1413
1413, 1411
1414, 1417
1417, 1414
1415, 1416
1416, 1415
1416, 1418
1418, 1416
1419, 1421
1421, 1419
1420, 1422
1422, 1420
1423, 1428
1428, 1423
1424, 1427
1427, 1424
1427, 1431
1431, 1427
1428, 1430
1430, 1428
1433, 1436
1436, 1433
1434, 1437
1437, 1434
1435, 1437
1437, 1435
1435, 1438
1438, 1435
1436, 1439
1439, 1436
1437, 1440
1440, 1437
1442, 1444
1444, 1442
1443, 1446
1446, 1443
1446, 1447
1447, 1446
1447, 1449
1449, 1447
1452, 1454
1454, 1452
1453, 1455
1455, 1453
1455, 1457
1457, 1455
1457, 1458
1458, 1457
1459, 1462
1462, 1459
1461, 1464
1464, 1461
1462, 1465
1465, 1462
1466, 1467
1467, 1466
1469, 1474
1474, 1469
1471, 1473
1473, 1471
1473, 1476
1476, 1473
1477, 1481
1481, 1477
1478, 1483
1483, 1478
1479, 1482
1482, 1479
1480, 1482
1482, 1480
1480, 1483
1483, 1480
1480, 1484
1484, 1480
1481, 1485
1485, 1481
1483, 1485
1485, 1483
1486, 1490
1490, 1486
1487, 1489
1489, 1487
1488, 1489
1489, 1488
1488, 1491
1491, 1488
1490, 1494
1494, 1490
1491, 1493
1493, 1491
1495, 1498
1498, 1495
1496, 1499
1499, 1496
1497, 1498
1498, 1497
1498, 1501
1501, 1498
1499, 1500
1500, 1499
1500, 1502
1502, 1500
1502, 1503
1503, 1502
1505, 1508
1508, 1505
1506, 1507
1507, 1506
1508, 1509
1509, 1508
1509, 1511
1511, 1509
1510, 1511
1511, 1510
1513, 1516
1516, 1513
1513, 1517
1517, 1513
1518, 1521
1521, 1518
1522, 1527
1527, 1522
1523, 1527
1527, 1523
1526, 1530
1530, 1526
1531, 1534
1534, 1531
1532, 1536
1536, 1532
1535, 1537
1537, 1535
1537, 1539
1539, 1537
1540, 1545
1545, 1540
1542, 1544
1544, 1542
1544, 1547
1547, 1544
1545, 1546
1546, 1545
1546, 1548
1548, 1546
1549, 1552
1552, 1549
1550, 1552
1552, 1550
1551, 1553
1553, 1551
1554, 1555
1555, 1554
1555, 1556
1556, 1555
1558, 1562
1562, 1558
1559, 1561
1561, 1559
1561, 1564
1564, 1561
1562, 1563
1563, 1562
1564, 1565
1565, 1564
1567, 1570
1570, 1567
1569, 1572
1572, 1569
1570, 1574
1574, 1570
1572, 1573
1573, 1572
1574, 1575
1575, 1574
1576, 1580
1580, 1576
1579, 1581
1581, 1579
1581, 1582
1582, 1581
1582, 1584
1584, 1582
1583, 1584
1584, 1583
1585, 1590
1590, 1585
1586, 1589
1589, 1586
1587, 1588
1588, 1587
1588, 1591
1591, 1588
1589, 1593
1593, 1589
1590, 1592
1592, 1590
1595, 1598
1598, 1595
1596, 1597
1597, 1596
1598, 1600
1600, 1598
1603, 1605
1605, 1603
1604, 1606
1606, 1604
1606, 1608
1608, 1606
1609, 1611
1611, 1609
1610, 1611
1611, 1610
1612, 1616
1616, 1612
1612, 1617
1617, 1612
1612, 1618
1618, 1612
1613, 1617
1617, 1613
1615, 1616
1616, 1615
1617, 1619
1619, 1617
1618, 1620
1620, 1618
1621, 1627
1627, 1621
1622, 1627
1627, 1622
1624, 1628
1628, 1624
1625, 1626
1626, 1625
1627, 1629
1629, 1627
1632, 1634
1634, 1632
1633, 1636
1636, 1633
1634, 1635
1635, 1634
1635, 1638
1638, 1635
1636, 1637
1637, 1636
1639, 1643
1643, 1639
1641, 1642
1642, 1641
1642, 1644
1644, 1642
1644, 1647
1647, 1644
1648, 1653
1653, 1648
1649, 1652
1652, 1649
1650, 1651
1651, 1650
1651, 1655
1655, 1651
1653, 1654
1654, 1653
1657, 1660
1660, 1657
1658, 1659
1659, 1658
1659, 1662
1662, 1659
1660, 1661
1661, 1660
1662, 1663
1663, 1662
1667, 1668
1668, 1667
1668, 1670
1670, 1668
1671, 1672
1672, 1671
1673, 1674
1674, 1673
1675, 1678
1678, 1675
1676, 1677
1677, 1676
1678, 1679
1679, 1678
1680, 1681
1681, 1680
1681, 1682
1682, 1681
1682, 1683
1683, 1682
1684, 1687
1687, 1684
1685, 1688
1688, 1685
1686, 1687
1687, 1686
1687, 1690
1690, 1687
1688, 1689
1689, 1688
1689, 1692
1692, 1689
1690, 1691
1691, 1690
1693, 1695
1695, 1693
1694, 1696
1696, 1694
1695, 1698
1698, 1695
1696, 1697
1697, 1696
1697, 1699
1699, 1697
1698, 1700
1700, 1698
1700, 1701
1701, 1700
1703, 1707
1707, 1703
1704, 1706
1706, 1704
1705, 1708
1708, 1705
1707, 1709
1709, 1707
1707, 1710
1710, 1707
1708, 1709
1709, 1708
1711, 1714
1714, 1711
1712, 1717
1717, 1712
1713, 1716
1716, 1713
1715, 1716
1716, 1715
1716, 1718
1718, 1716
1721, 1722
1722, 1721
1722, 1723
1723, 1722
1724, 1725
1725, 1724
1725, 1726
1726, 1725
1726, 1727
1727, 1726
1727, 1728
1728, 1727
1733, 1735
1735, 1733
1734, 1737
1737, 1734
1735, 1736
1736, 1735
1738, 1743
1743, 1738
1740, 1743
1743, 1740
1740, 1744
1744, 1740
1743, 1745
1745, 1743
1744, 1745
1745, 1744
1747, 1751
1751, 1747
1749, 1752
1752, 1749
1756, 1760
1760, 1756
1759, 1761
1761, 1759
1760, 1763
1763, 1760
1761, 1762
1762, 1761
1762, 1764
1764, 1762
1765, 1771
1771, 1765
1768, 1770
1770, 1768
1770, 1773
1773, 1770
1775, 1779
1779, 1775
1778, 1780
1780, 1778
1780, 1781
1781, 1780
1783, 1787
1787, 1783
1784, 1786
1786, 1784
1785, 1788
1788, 1785
1786, 1789
1789, 1786
1787, 1790
1790, 1787
1788, 1789
1789, 1788
1788, 1790
1790, 1788
1788, 1791
1791, 1788
1792, 1798
1798, 1792
1793, 1798
1798, 1793
1794, 1797
1797, 1794
1801, 1804
1804, 1801
1802, 1805
1805, 1802
1803, 1806
1806, 1803
1804, 1807
1807, 1804
1806, 1807
1807, 1806
1806, 1809
1809, 1806
1810, 1815
1815, 1810
1812, 1814
1814, 1812
1814, 1816
1816, 1814
1817, 1818
1818, 1817
1819, 1823
1823, 1819
1820, 1824
1824, 1820
1823, 1827
1827, 1823
1829, 1830
1830, 1829
1830, 1833
1833, 1830
1832, 1834
1834, 1832
1833, 1835
1835, 1833
1839, 1842
1842, 1839
1841, 1843
1843, 1841
1842, 1844
1844, 1842
1846, 1849
1849, 1846
1847, 1848
1848, 1847
1848, 1850
1850, 1848
1850, 1853
1853, 1850
1852, 1854
1854, 1852
1853, 1854
1854, 1853
1855, 1859
1859, 1855
1857, 1860
1860, 1857
1858, 1861
1861, 1858
1859, 1862
1862, 1859
1864, 1868
1868, 1864
1866, 1869
1869, 1866
1868, 1870
1870, 1868
1869, 1872
1872, 1869
1875, 1878
1878, 1875
1877, 1879
1879, 1877
1878, 1880
1880, 1878
1879, 1881
1881, 1879
1882, 1886
1886, 1882
1883, 1885
1885, 1883
1885, 1887
1887, 1885
1886, 1888
1888, 1886
1887, 1890
1890, 1887
1888, 1889
1889, 1888
1891, 1895
1895, 1891
1900, 1905
1905, 1900
1901, 1906
1906, 1901
1903, 1904
1904, 1903
1906, 1908
1908, 1906
1910, 1913
1913, 1910
1910, 1914
1914, 1910
1911, 1913
1913, 1911
1913, 1916
1916, 1913
1914, 1916
1916, 1914
1914, 1917
1917, 1914
1918, 1923
1923, 1918
1919, 1923
1923, 1919
1922, 1924
1924, 1922
1923, 1926
1926, 1923
1924, 1925
1925, 1924
1928, 1933
1933, 1928
1929, 1931
1931, 1929
1930, 1932
1932, 1930
1932, 1934
1934, 1932
1933, 1935
1935, 1933
1936, 1940
1940, 1936
1937, 1939
1939, 1937
1938, 1941
1941, 1938
1941, 1942
1942, 1941
1945, 1948
1948, 1945
1946, 1949
1949, 1946
1947, 1949
1949, 1947
1947, 1950
1950, 1947
1949, 1951
1951, 1949
1950, 1951
1951, 1950
1950, 1952
1952, 1950
1952, 1953
1953, 1952
1954, 1957
1957, 1954
1956, 1959
1959, 1956
1959, 1961
1961, 1959
1967, 1969
1969, 1967
1968, 1970
1970, 1968
1969, 1971
1971, 1969
1972, 1978
1978, 1972
1973, 1977
1977, 1973
1975, 1976
1976, 1975
1977, 1980
1980, 1977
1978, 1979
1979, 1978
1983, 1986
1986, 1983
1984, 1988
1988, 1984
1985, 1987
1987, 1985
1986, 1988
1988, 1986
1986, 1989
1989, 1986
1991, 1994
1994, 1991
1992, 1993
1993, 1992
1993, 1995
1995, 1993
1993, 1996
1996, 1993
1994, 1995
1995, 1994
1995, 1998
1998, 1995
1996, 1997
1997, 1996
2000, 2003
2003, 2000
2001, 2002
2002, 2001
2002, 2005
2005, 2002
2003, 2004
2004, 2003
2004, 2006
2006, 2004
2005, 2007
2007, 2005
2009, 2012
2012, 2009
2010, 2011
2011, 2010
2011, 2013
2013, 2011
2012, 2014
2014, 2012
2013, 2016
2016, 2013
2014, 2015
2015, 2014
2018, 2020
2020, 2018
2020, 2025
2025, 2020
2021, 2024
2024, 2021
2022, 2023
2023, 2022
2026, 2029
2029, 2026
2028, 2030
2030, 2028
2029, 2033
2033, 2029
2030, 2032
2032, 2030
2033, 2034
2034, 2033
2036, 2041
2041, 2036
2039, 2040
2040, 2039
2040, 2043
2043, 2040
2044, 2050
2050, 2044
2047, 2049
2049, 2047
2049, 2051
2051, 2049
2050, 2052
2052, 2050
2053, 2055
2055, 2053
2054, 2055
2055, 2054
2054, 2056
2056, 2054
2056, 2057
2057, 2056
2057, 2060
2060, 2057
2058, 2059
2059, 2058
2059, 2061
2061, 2059
2062, 2067
2067, 2062
2063, 2065
2065, 2063
2064, 2065
2065, 2064
2064, 2066
2066, 2064
2065, 2068
2068, 2065
2066, 2070
2070, 2066
2067, 2069
2069, 2067
2071, 2075
2075, 2071
2075, 2077
2077, 2075
2082, 2084
2084, 2082
2083, 2085
2085, 2083
2084, 2086
2086, 2084
2086, 2087
2087, 2086
2090, 2093
2093, 2090
2093, 2095
2095, 2093
2095, 2097
2097, 2095
2098, 2100
2100, 2098
2099, 2101
2101, 2099
2101, 2103
2103, 2101
2102, 2105
2105, 2102
2103, 2104
2104, 2103
2105, 2106
2106, 2105
2108, 2109
2109, 2108
2109, 2113
2113, 2109
2110, 2111
2111, 2110
2111, 2112
2112, 2111
2113, 2114
2114, 2113
2114, 2115
2115, 2114
2116, 2122
2122, 2116
2118, 2119
2119, 2118
2120, 2121
2121, 2120
2121, 2123
2123, 2121
2122, 2124
2124, 2122
2125, 2129
2129, 2125
2126, 2127
2127, 2126
2127, 2131
2131, 2127
2128, 2130
2130, 2128
2129, 2132
2132, 2129
2130, 2133
2133, 2130
2134, 2138
2138, 2134
2135, 2136
2136, 2135
2136, 2141
2141, 2136
2137, 2138
2138, 2137
2137, 2139
2139, 2137
2138, 2140
2140, 2138
2139, 2140
2140, 2139
2140, 2142
2142, 2140
2144, 2148
2148, 2144
2145, 2147
2147, 2145
2146, 2149
2149, 2146
2149, 2150
2150, 2149
2150, 2151
2151, 2150
2152, 2156
2156, 2152
2153, 2158
2158, 2153
2154, 2157
2157, 2154
2155, 2157
2157, 2155
2155, 2159
2159, 2155
2159, 2160
2160, 2159
2163, 2165
2165, 2163
2165, 2166
2166, 2165
2166, 2167
2167, 2166
2167, 2168
2168, 2167
2172, 2174
2174, 2172
2174, 2178
2178, 2174
2179, 2182
2182, 2179
2181, 2183
2183, 2181
2181, 2184
2184, 2181
2182, 2187
2187, 2182
2183, 2185
2185, 2183
2184, 2186
2186, 2184
2189, 2192
2192, 2189
2190, 2191
2191, 2190
2191, 2194
2194, 2191
2192, 2193
2193, 2192
2193, 2196
2196, 2193
2194, 2195
2195, 2194
2197, 2199
2199, 2197
2198, 2200
2200, 2198
2199, 2202
2202, 2199
2200, 2201
2201, 2200
2201, 2204
2204, 2201
2202, 2203
2203, 2202
2204, 2205
2205, 2204
2207, 2210
2210, 2207
2208, 2209
2209, 2208
2209, 2211
2211, 2209
2210, 2212
2212, 2210
2211, 2213
2213, 2211
2212, 2214
2214, 2212
2215, 2219
2219, 2215
2216, 2219
2219, 2216
2217, 2221
2221, 2217
2218, 2220
2220, 2218
2219, 2222
2222, 2219
2221, 2223
2223, 2221
2224, 2226
2226, 2224
2225, 2227
2227, 2225
2229, 2230
2230, 2229
2230, 2231
2231, 2230
2231, 2232
2232, 2231
2233, 2236
2236, 2233
2237, 2240
2240, 2237
2238, 2239
2239, 2238
2239, 2240
2240, 2239
2244, 2246
2246, 2244
2245, 2247
2247, 2245
2246, 2248
2248, 2246
2248, 2249
2249, 2248
2251, 2256
2256, 2251
2253, 2255
2255, 2253
2254, 2256
2256, 2254
2255, 2257
2257, 2255
2256, 2258
2258, 2256
2258, 2259
2259, 2258
2261, 2266
2266, 2261
2263, 2264
2264, 2263
2264, 2267
2267, 2264
2265, 2268
2268, 2265
2270, 2272
2272, 2270
2271, 2273
2273, 2271
2272, 2274
2274, 2272
2273, 2275
2275, 2273
2275, 2276
2276, 2275
2280, 2284
2284, 2280
2281, 2283
2283, 2281
2283, 2286
2286, 2283
2284, 2285
2285, 2284
2287, 2290
2290, 2287
2288, 2291
2291, 2288
2296, 2300
2300, 2296
2300, 2301
2301, 2300
2300, 2302
2302, 2300
2302, 2303
2303, 2302
2307, 2308
2308, 2307
2308, 2312
2312, 2308
2310, 2311
2311, 2310
2311, 2313
2313, 2311
2312, 2313
2313, 2312
2314, 2319
2319, 2314
2315, 2320
2320, 2315
2316, 2318
2318, 2316
2318, 2321
2321, 2318
2324, 2328
2328, 2324
2325, 2327
2327, 2325
2326, 2329
2329, 2326
2328, 2331
2331, 2328
2329, 2330
2330, 2329
2332, 2337
2337, 2332
2333, 2335
2335, 2333
2335, 2339
2339, 2335
2337, 2338
2338, 2337
2339, 2340
2340, 2339
2341, 2343
2343, 2341
2342, 2343
2343, 2342
2343, 2344
2344, 2343
2344, 2345
2345, 2344
2345, 2346
2346, 2345
2346, 2347
2347, 2346
2347, 2348
2348, 2347
2348, 2349
2349, 2348
2350, 2353
2353, 2350
2351, 2355
2355, 2351
2352, 2354
2354, 2352
2354, 2357
2357, 2354
2355, 2356
2356, 2355
2356, 2358
2358, 2356
2357, 2358
2358, 2357
2359, 2363
2363, 2359
2361, 2362
2362, 2361
2362, 2366
2366, 2362
2366, 2367
2367, 2366
2368, 2372
2372, 2368
2368, 2375
2375, 2368
2369, 2372
2372, 2369
2370, 2374
2374, 2370
2371, 2373
2373, 2371
2373, 2376
2376, 2373
2375, 2376
2376, 2375
2377, 2380
2380, 2377
2381, 2383
2383, 2381
2386, 2390
2390, 2386
2387, 2390
2390, 2387
2388, 2389
2389, 2388
2389, 2393
2393, 2389
2390, 2392
2392, 2390
2395, 2398
2398, 2395
2398, 2400
2400, 2398
2400, 2403
2403, 2400
2405, 2407
2407, 2405
2406, 2410
2410, 2406
2407, 2411
2411, 2407
2408, 2409
2409, 2408
2409, 2412
2412, 2409
2414, 2415
2415, 2414
2415, 2418
2418, 2415
2416, 2417
2417, 2416
2417, 2420
2420, 2417
2418, 2419
2419, 2418
2419, 2421
2421, 2419
2420, 2421
2421, 2420
2422, 2425
2425, 2422
2426, 2427
2427, 2426
2427, 2428
2428, 2427
2428, 2429
2429, 2428
2429, 2430
2430, 2429
2431, 2436
2436, 2431
2433, 2435
2435, 2433
2435, 2439
2439, 2435
2441, 2444
2444, 2441
2442, 2446
2446, 2442
2443, 2446
2446, 2443
2444, 2448
2448, 2444
2446, 2447
2447, 2446
2450, 2452
2452, 2450
2451, 2453
2453, 2451
2452, 2455
2455, 2452
2453, 2454
2454, 2453
2454, 2456
2456, 2454
2456, 2457
2457, 2456
2459, 2462
2462, 2459
2460, 2464
2464, 2460
2461, 2465
2465, 2461
2463, 2464
2464, 2463
2463, 2466
2466, 2463
2468, 2472
2472, 2468
2470, 2471
2471, 2470
2471, 2474
2474, 2471
2472, 2475
2475, 2472
2477, 2478
2478, 2477
2478, 2479
2479, 2478
2479, 2480
2480, 2479
2480, 2481
2481, 2480
2483, 2484
2484, 2483
2485, 2488
2488, 2485
2486, 2488
2488, 2486
2487, 2489
2489, 2487
2488, 2492
2492, 2488
2489, 2491
2491, 2489
2495, 2499
2499, 2495
2497, 2498
2498, 2497
2498, 2501
2501, 2498
2499, 2500
2500, 2499
2501, 2502
2502, 2501
2503, 2506
2506, 2503
2505, 2507
2507, 2505
2507, 2509
2509, 2507
2509, 2510
2510, 2509
2510, 2511
2511, 2510
2513, 2518
2518, 2513
2515, 2517
2517, 2515
2516, 2519
2519, 2516
2517, 2519
2519, 2517
2521, 2524
2524, 2521
2523, 2526
2526, 2523
2525, 2528
2528, 2525
2528, 2529
2529, 2528
2532, 2533
2533, 2532
2533, 2535
2535, 2533
2535, 2537
2537, 2535
2539, 2542
2542, 2539
2540, 2541
2541, 2540
2541, 2543
2543, 2541
2542, 2544
2544, 2542
2546, 2547
2547, 2546
2549, 2550
2550, 2549
2551, 2552
2552, 2551
2552, 2555
2555, 2552
2557, 2560
2560, 2557
2559, 2561
2561, 2559
2560, 2562
2562, 2560
2561, 2563
2563, 2561
2562, 2564
2564, 2562
2563, 2565
2565, 2563
2567, 2573
2573, 2567
2568, 2570
2570, 2568
2571, 2572
2572, 2571
2573, 2574
2574, 2573
2576, 2580
2580, 2576
2580, 2581
2581, 2580
2580, 2582
2582, 2580
2586, 2587
2587, 2586
2587, 2588
2588, 2587
2588, 2589
2589, 2588
2589, 2590
2590, 2589
2590, 2591
2591, 2590
2591, 2592
2592, 2591
2593, 2597
2597, 2593
2594, 2599
2599, 2594
2596, 2598
2598, 2596
2597, 2601
2601, 2597
2603, 2606
2606, 2603
2604, 2605
2605, 2604
2605, 2607
2607, 2605
2606, 2608
2608, 2606
2607, 2610
2610, 2607
2608, 2609
2609, 2608
2611, 2616
2616, 2611
2614, 2618
2618, 2614
2615, 2617
2617, 2615
2618, 2619
2619, 2618
2622, 2626
2626, 2622
2623, 2628
2628, 2623
2629, 2632
2632, 2629
2630, 2633
2633, 2630
2630, 2634
2634, 2630
2631, 2633
2633, 2631
2632, 2635
2635, 2632
2633, 2635
2635, 2633
2634, 2636
2636, 2634
2635, 2637
2637, 2635
2638, 2644
2644, 2638
2639, 2642
2642, 2639
2642, 2646
2646, 2642
2644, 2645
2645, 2644
2647, 2652
2652, 2647
2648, 2651
2651, 2648
2649, 2650
2650, 2649
2651, 2654
2654, 2651
2652, 2653
2653, 2652
2654, 2655
2655, 2654
2656, 2662
2662, 2656
2657, 2663
2663, 2657
2658, 2661
2661, 2658
2663, 2664
2664, 2663
2665, 2669
2669, 2665
2666, 2668
2668, 2666
2667, 2670
2670, 2667
2668, 2671
2671, 2668
2670, 2671
2671, 2670
2670, 2673
2673, 2670
2676, 2678
2678, 2676
2678, 2680
2680, 2678
2680, 2681
2681, 2680
2683, 2686
2686, 2683
2686, 2688
2688, 2686
2686, 2689
2689, 2686
2687, 2689
2689, 2687
2688, 2691
2691, 2688
2689, 2690
2690, 2689
2692, 2696
2696, 2692
2693, 2696
2696, 2693
2694, 2697
2697, 2694
2695, 2698
2698, 2695
2696, 2699
2699, 2696
2697, 2699
2699, 2697
2698, 2700
2700, 2698
2702, 2704
2704, 2702
2702, 2705
2705, 2702
2705, 2706
2706, 2705
2706, 2707
2707, 2706
2707, 2708
2708, 2707
2708, 2709
2709, 2708
2710, 2713
2713, 2710
2710, 2714
2714, 2710
2711, 2713
2713, 2711
2712, 2715
2715, 2712
2713, 2717
2717, 2713
2714, 2716
2716, 2714
2714, 2718
2718, 2714
2715, 2716
2716, 2715
2719, 2722
2722, 2719
2721, 2723
2723, 2721
2722, 2723
2723, 2722
2722, 2724
2724, 2722
2723, 2725
2725, 2723
2724, 2725
2725, 2724
2724, 2726
2726, 2724
2726, 2727
2727, 2726
2729, 2732
2732, 2729
2730, 2731
2731, 2730
2731, 2734
2734, 2731
2732, 2733
2733, 2732
2733, 2735
2735, 2733
2738, 2739
2739, 2738
2738, 2740
2740, 2738
2739, 2742
2742, 2739
2742, 2743
2743, 2742
2743, 2745
2745, 2743
2747, 2749
2749, 2747
2749, 2751
2751, 2749
2751, 2753
2753, 2751
2753, 2754
2754, 2753
2757, 2759
2759, 2757
2759, 2761
2761, 2759
2761, 2763
2763, 2761
2764, 2766
2766, 2764
2765, 2767
2767, 2765
2767, 2768
2768, 2767
2768, 2771
2771, 2768
2774, 2775
2775, 2774
2775, 2778
2778, 2775
2777, 2780
2780, 2777
2778, 2779
2779, 2778
2779, 2781
2781, 2779
2783, 2786
2786, 2783
2786, 2790
2790, 2786
2788, 2789
2789, 2788
2791, 2795
2795, 2791
2793, 2796
2796, 2793
2794, 2797
2797, 2794
2795, 2799
2799, 2795
2796, 2798
2798, 2796
2802, 2806
2806, 2802
2803, 2804
2804, 2803
2804, 2807
2807, 2804
2809, 2813
2813, 2809
2811, 2812
2812, 2811
2812, 2815
2815, 2812
2813, 2814
2814, 2813
2819, 2825
2825, 2819
2821, 2824
2824, 2821
2822, 2823
2823, 2822
2825, 2826
2826, 2825
2828, 2832
2832, 2828
2829, 2831
2831, 2829
2830, 2833
2833, 2830
2831, 2835
2835, 2831
2833, 2834
2834, 2833
2836, 2840
2840, 2836
2837, 2841
2841, 2837
2838, 2839
2839, 2838
2840, 2842
2842, 2840
2841, 2843
2843, 2841
2842, 2844
2844, 2842
2843, 2844
2844, 2843
2845, 2847
2847, 2845
2846, 2848
2848, 2846
2847, 2850
2850, 2847
2848, 2849
2849, 2848
2849, 2852
2852, 2849
2852, 2853
2853, 2852
2855, 2860
2860, 2855
2857, 2859
2859, 2857
2858, 2861
2861, 2858
2860, 2862
2862, 2860
2863, 2869
2869, 2863
2863, 2871
2871, 2863
2864, 2868
2868, 2864
2872, 2875
2875, 2872
2873, 2877
2877, 2873
2874, 2876
2876, 2874
2875, 2879
2879, 2875
2876, 2880
2880, 2876
2877, 2878
2878, 2877
2881, 2883
2883, 2881
2882, 2884
2884, 2882
2884, 2885
2885, 2884
2885, 2886
2886, 2885
2891, 2895
2895, 2891
2893, 2894
2894, 2893
2894, 2896
2896, 2894
2895, 2897
2897, 2895
2896, 2898
2898, 2896
2900, 2901
2901, 2900
2901, 2905
2905, 2901
2902, 2904
2904, 2902
2904, 2906
2906, 2904
2906, 2907
2907, 2906
2908, 2912
2912, 2908
2908, 2914
2914, 2908
2908, 2915
2915, 2908
2909, 2914
2914, 2909
2910, 2913
2913, 2910
2914, 2916
2916, 2914
2917, 2920
2920, 2917
2918, 2921
2921, 2918
2919, 2922
2922, 2919
2920, 2924
2924, 2920
2922, 2923
2923, 2922
2928, 2929
2929, 2928
2929, 2930
2930, 2929
2930, 2931
2931, 2930
2931, 2932
2932, 2931
2937, 2938
2938, 2937
2938, 2939
2939, 2938
2939, 2940
2940, 2939
2940, 2941
2941, 2940
2941, 2942
2942, 2941
2942, 2943
2943, 2942
2944, 2948
2948, 2944
2946, 2950
2950, 2946
2947, 2949
2949, 2947
2949, 2951
2951, 2949
2953, 2958
2958, 2953
2956, 2957
2957, 2956
2957, 2959
2959, 2957
2957, 2960
2960, 2957
2960, 2961
2961, 2960
2962, 2965
2965, 2962
2964, 2966
2966, 2964
2966, 2967
2967, 2966
2968, 2970
2970, 2968
2971, 2975
2975, 2971
2973, 2974
2974, 2973
2974, 2976
2976, 2974
2978, 2979
2979, 2978
2981, 2985
2985, 2981
2982, 2984
2984, 2982
2983, 2985
2985, 2983
2983, 2986
2986, 2983
2985, 2987
2987, 2985
2990, 2994
2994, 2990
2991, 2996
2996, 2991
2992, 2995
2995, 2992
2993, 2996
2996, 2993
2994, 2997
2997, 2994
2998, 3002
3002, 2998
2999, 3003
3003, 2999
3001, 3003
3003, 3001
3002, 3005
3005, 3002
3002, 3006
3006, 3002
3004, 3006
3006, 3004
3007, 3013
3013, 3007
3008, 3013
3013, 3008
3009, 3012
3012, 3009
3010, 3011
3011, 3010
3011, 3015
3015, 3011
3012, 3014
3014, 3012
3016, 3020
3020, 3016
3017, 3019
3019, 3017
3018, 3020
3020, 3018
3018, 3021
3021, 3018
3021, 3022
3022, 3021
3022, 3024
3024, 3022
3025, 3029
3029, 3025
3026, 3030
3030, 3026
3027, 3028
3028, 3027
3028, 3031
3031, 3028
3029, 3032
3032, 3029
3031, 3033
3033, 3031
3034, 3037
3037, 3034
3035, 3039
3039, 3035
3038, 3040
3040, 3038
3039, 3040
3040, 3039
3039, 3041
3041, 3039
3040, 3042
3042, 3040
3044, 3045
3045, 3044
3045, 3046
3046, 3045
3046, 3047
3047, 3046
3047, 3048
3048, 3047
3048, 3049
3049, 3048
3049, 3050
3050, 3049
3050, 3051
3051, 3050
3053, 3056
3056, 3053
3054, 3058
3058, 3054
3055, 3057
3057, 3055
3056, 3060
3060, 3056
3057, 3059
3059, 3057
3061, 3065
3065, 3061
3062, 3064
3064, 3062
3063, 3066
3066, 3063
3064, 3067
3067, 3064
3064, 3068
3068, 3064
3066, 3067
3067, 3066
3067, 3069
3069, 3067
3068, 3069
3069, 3068
3071, 3076
3076, 3071
3072, 3075
3075, 3072
3073, 3074
3074, 3073
3076, 3078
3078, 3076
3079, 3082
3082, 3079
3080, 3085
3085, 3080
3081, 3082
3082, 3081
3082, 3086
3086, 3082
3083, 3084
3084, 3083
3084, 3086
3086, 3084
3088, 3092
3092, 3088
3089, 3090
3090, 3089
3090, 3095
3095, 3090
3091, 3092
3092, 3091
3091, 3093
3093, 3091
3092, 3094
3094, 3092
3093, 3096
3096, 3093
3097, 3101
3101, 3097
3098, 3100
3100, 3098
3099, 3102
3102, 3099
3102, 3103
3103, 3102
3104, 3105
3105, 3104
3106, 3111
3111, 3106
3108, 3110
3110, 3108
3109, 3112
3112, 3109
3110, 3114
3114, 3110
3111, 3113
3113, 3111
3115, 3120
3120, 3115
3116, 3119
3119, 3116
3117, 3119
3119, 3117
3119, 3121
3121, 3119
3122, 3123
3123, 3122
3124, 3128
3128, 3124
3127, 3129
3129, 3127
3128, 3130
3130, 3128
3128, 3131
3131, 3128
3129, 3130
3130, 3129
3130, 3132
3132, 3130
3133, 3138
3138, 3133
3134, 3138
3138, 3134
3136, 3139
3139, 3136
3137, 3139
3139, 3137
3137, 3140
3140, 3137
3138, 3141
3141, 3138
3142, 3147
3147, 3142
3143, 3146
3146, 3143
3144, 3145
3145, 3144
3145, 3148
3148, 3145
3146, 3149
3149, 3146
3148, 3150
3150, 3148
3152, 3154
3154, 3152
3153, 3155
3155, 3153
3154, 3159
3159, 3154
3155, 3157
3157, 3155
3162, 3164
3164, 3162
3163, 3165
3165, 3163
3164, 3166
3166, 3164
3165, 3167
3167, 3165
3167, 3168
3168, 3167
3169, 3172
3172, 3169
3170, 3171
3171, 3170
3173, 3174
3174, 3173
3174, 3175
3175, 3174
3178, 3182
3182, 3178
3180, 3181
3181, 3180
3181, 3183
3183, 3181
3182, 3184
3184, 3182
3184, 3186
3186, 3184
3187, 3190
3190, 3187
3188, 3189
3189, 3188
3189, 3192
3192, 3189
3190, 3191
3191, 3190
3191, 3193
3193, 3191
3192, 3194
3194, 3192
3193, 3195
3195, 3193
3196, 3199
3199, 3196
3198, 3201
3201, 3198
3200, 3202
3202, 3200
3202, 3203
3203, 3202
3205, 3211
3211, 3205
3206, 3211
3211, 3206
3207, 3210
3210, 3207
3208, 3209
3209, 3208
3215, 3218
3218, 3215
3216, 3217
3217, 3216
3217, 3220
3220, 3217
3218, 3219
3219, 3218
3219, 3222
3222, 3219
3220, 3221
3221, 3220
3223, 3226
3226, 3223
3225, 3228
3228, 3225
3226, 3231
3231, 3226
3227, 3229
3229, 3227
3228, 3230
3230, 3228
3232, 3236
3236, 3232
3234, 3237
3237, 3234
3236, 3239
3239, 3236
3239, 3240
3240, 3239
3241, 3247
3247, 3241
3242, 3246
3246, 3242
3243, 3245
3245, 3243
3244, 3245
3245, 3244
3244, 3248
3248, 3244
3245, 3249
3249, 3245
3248, 3249
3249, 3248
3250, 3253
3253, 3250
3251, 3254
3254, 3251
3252, 3255
3255, 3252
3253, 3256
3256, 3253
3254, 3257
3257, 3254
3255, 3258
3258, 3255
3260, 3262
3262, 3260
3262, 3263
3263, 3262
3263, 3264
3264, 3263
3264, 3265
3265, 3264
3265, 3266
3266, 3265
3266, 3267
3267, 3266
3268, 3271
3271, 3268
3269, 3272
3272, 3269
3270, 3274
3274, 3270
3272, 3275
3275, 3272
3274, 3275
3275, 3274
3274, 3276
3276, 3274
3278, 3282
3282, 3278
3279, 3281
3281, 3279
3281, 3283
3283, 3281
3282, 3285
3285, 3282
3287, 3288
3288, 3287
3292, 3293
3293, 3292
3293, 3294
3294, 3293
3295, 3299
3299, 3295
3296, 3300
3300, 3296
3299, 3302
3302, 3299
3304, 3309
3309, 3304
3305, 3308
3308, 3305
3306, 3310
3310, 3306
3308, 3312
3312, 3308
3313, 3317
3317, 3313
3314, 3318
3318, 3314
3315, 3316
3316, 3315
3316, 3319
3319, 3316
3317, 3321
3321, 3317
3318, 3320
3320, 3318
3322, 3325
3325, 3322
3323, 3327
3327, 3323
3325, 3329
3329, 3325
3328, 3330
3330, 3328
3332, 3335
3335, 3332
3333, 3334
3334, 3333
3334, 3336
3336, 3334
3335, 3337
3337, 3335
3336, 3338
3338, 3336
3337, 3339
3339, 3337
3340, 3345
3345, 3340
3340, 3346
3346, 3340
3341, 3345
3345, 3341
3342, 3343
3343, 3342
3344, 3347
3347, 3344
3351, 3353
3353, 3351
3351, 3354
3354, 3351
3353, 3357
3357, 3353
3354, 3356
3356, 3354
3359, 3363
3363, 3359
3360, 3361
3361, 3360
3361, 3364
3364, 3361
3362, 3365
3365, 3362
3363, 3365
3365, 3363
3363, 3366
3366, 3363
3367, 3370
3370, 3367
3368, 3369
3369, 3368
3370, 3372
3372, 3370
3371, 3374
3374, 3371
3372, 3373
3373, 3372
3374, 3375
3375, 3374
3377, 3378
3378, 3377
3377, 3379
3379, 3377
3382, 3383
3383, 3382
3383, 3384
3384, 3383
3385, 3389
3389, 3385
3387, 3388
3388, 3387
3392, 3393
3393, 3392
3394, 3397
3397, 3394
3395, 3399
3399, 3395
3397, 3402
3402, 3397
3398, 3400
3400, 3398
3400, 3401
3401, 3400
3403, 3406
3406, 3403
3405, 3406
3406, 3405
3406, 3409
3409, 3406
3407, 3408
3408, 3407
3408, 3409
3409, 3408
3408, 3410
3410, 3408
3409, 3411
3411, 3409
3412, 3416
3416, 3412
3413, 3415
3415, 3413
3414, 3416
3416, 3414
3414, 3417
3417, 3414
3416, 3419
3419, 3416
3417, 3418
3418, 3417
3421, 3425
3425, 3421
3424, 3426
3426, 3424
3428, 3429
3429, 3428
3430, 3433
3433, 3430
3432, 3434
3434, 3432
3434, 3435
3435, 3434
3435, 3436
3436, 3435
3436, 3437
3437, 3436
3437, 3438
3438, 3437
3439, 3443
3443, 3439
3440, 3444
3444, 3440
3441, 3445
3445, 3441
3443, 3447
3447, 3443
3449, 3453
3453, 3449
3449, 3454
3454, 3449
3451, 3453
3453, 3451
3454, 3456
3456, 3454
3457, 3462
3462, 3457
3459, 3461
3461, 3459
3460, 3463
3463, 3460
3461, 3465
3465, 3461
3462, 3464
3464, 3462
3463, 3465
3465, 3463
3466, 3469
3469, 3466
3466, 3470
3470, 3466
3467, 3469
3469, 3467
3468, 3471
3471, 3468
3469, 3473
3473, 3469
3470, 3472
3472, 3470
3475, 3478
3478, 3475
3478, 3480
3480, 3478
3479, 3482
3482, 3479
3480, 3481
3481, 3480
3482, 3483
3483, 3482
3484, 3487
3487, 3484
3485, 3488
3488, 3485
3486, 3489
3489, 3486
3487, 3490
3490, 3487
3488, 3491
3491, 3488
3489, 3492
3492, 3489
3493, 3497
3497, 3493
3497, 3500
3500, 3497
3503, 3507
3507, 3503
3505, 3506
3506, 3505
3507, 3508
3508, 3507
3508, 3509
3509, 3508
3509, 3510
3510, 3509
3512, 3514
3514, 3512
3513, 3516
3516, 3513
3514, 3519
3519, 3514
3516, 3518
3518, 3516
3520, 3523
3523, 3520
3522, 3524
3524, 3522
3523, 3527
3527, 3523
3524, 3526
3526, 3524
3529, 3535
3535, 3529
3530, 3533
3533, 3530
3531, 3535
3535, 3531
3531, 3536
3536, 3531
3532, 3534
3534, 3532
3539, 3543
3543, 3539
3540, 3542
3542, 3540
3541, 3544
3544, 3541
3542, 3546
3546, 3542
3543, 3544
3544, 3543
3549, 3550
3550, 3549
3550, 3553
3553, 3550
3551, 3552
3552, 3551
3552, 3554
3554, 3552
3553, 3555
3555, 3553
3556, 3561
3561, 3556
3557, 3560
3560, 3557
3558, 3559
3559, 3558
3560, 3562
3562, 3560
3561, 3563
3563, 3561
3566, 3568
3568, 3566
3567, 3569
3569, 3567
3568, 3571
3571, 3568
3569, 3570
3570, 3569
3570, 3573
3573, 3570
3575, 3577
3577, 3575
3576, 3578
3578, 3576
3577, 3580
3580, 3577
3578, 3579
3579, 3578
3579, 3582
3582, 3579
3583, 3587
3587, 3583
3584, 3588
3588, 3584
3584, 3589
3589, 3584
3585, 3590
3590, 3585
3586, 3588
3588, 3586
3590, 3591
3591, 3590
3592, 3595
3595, 3592
3593, 3596
3596, 3593
3594, 3596
3596, 3594
3594, 3597
3597, 3594
3597, 3598
3598, 3597
3598, 3600
3600, 3598
3602, 3605
3605, 3602
3603, 3606
3606, 3603
3604, 3607
3607, 3604
3605, 3608
3608, 3605
3607, 3608
3608, 3607
3607, 3609
3609, 3607
3610, 3613
3613, 3610
3613, 3614
3614, 3613
3614, 3617
3617, 3614
3619, 3622
3622, 3619
3621, 3623
3623, 3621
3623, 3624
3624, 3623
3624, 3625
3625, 3624
3625, 3626
3626, 3625
3629, 3634
3634, 3629
3630, 3633
3633, 3630
3631, 3632
3632, 3631
3633, 3635
3635, 3633
3633, 3636
3636, 3633
3634, 3635
3635, 3634
3637, 3640
3640, 3637
3638, 3641
3641, 3638
3639, 3640
3640, 3639
3639, 3642
3642, 3639
3640, 3645
3645, 3640
3641, 3644
3644, 3641
3642, 3643
3643, 3642
3646, 3650
3650, 3646
3647, 3650
3650, 3647
3647, 3651
3651, 3647
3648, 3649
3649, 3648
3650, 3653
3653, 3650
3651, 3652
3652, 3651
3652, 3654
3654, 3652
3653, 3654
3654, 3653
3655, 3659
3659, 3655
3658, 3662
3662, 3658
3659, 3661
3661, 3659
3666, 3667
3667, 3666
3666, 3668
3668, 3666
3667, 3670
3670, 3667
3667, 3672
3672, 3667
3668, 3671
3671, 3668
3669, 3670
3670, 3669
3673, 3679
3679, 3673
3674, 3677
3677, 3674
3675, 3677
3677, 3675
3675, 3678
3678, 3675
3676, 3680
3680, 3676
3679, 3681
3681, 3679
3682, 3686
3686, 3682
3683, 3685
3685, 3683
3684, 3687
3687, 3684
3685, 3689
3689, 3685
3686, 3688
3688, 3686
3687, 3690
3690, 3687
3691, 3696
3696, 3691
3694, 3697
3697, 3694
3696, 3698
3698, 3696
3697, 3699
3699, 3697
3700, 3703
3703, 3700
3701, 3704
3704, 3701
3704, 3707
3707, 3704
3705, 3706
3706, 3705
3709, 3713
3713, 3709
3710, 3711
3711, 3710
3711, 3715
3715, 3711
3712, 3713
3713, 3712
3713, 3714
3714, 3713
3714, 3716
3716, 3714
3715, 3717
3717, 3715
3720, 3723
3723, 3720
3721, 3722
3722, 3721
3722, 3725
3725, 3722
3723, 3724
3724, 3723
3724, 3726
3726, 3724
3728, 3730
3730, 3728
3729, 3731
3731, 3729
3730, 3735
3735, 3730
3731, 3733
3733, 3731
3732, 3734
3734, 3732
3736, 3741
3741, 3736
3737, 3741
3741, 3737
3738, 3742
3742, 3738
3739, 3740
3740, 3739
3742, 3744
3744, 3742
3745, 3748
3748, 3745
3747, 3749
3749, 3747
3748, 3751
3751, 3748
3749, 3750
3750, 3749
3750, 3753
3753, 3750
3751, 3752
3752, 3751
3755, 3757
3757, 3755
3756, 3758
3758, 3756
3757, 3760
3760, 3757
3758, 3759
3759, 3758
3759, 3762
3762, 3759
3760, 3761
3761, 3760
3763, 3765
3765, 3763
3764, 3766
3766, 3764
3766, 3767
3767, 3766
3766, 3768
3768, 3766
3767, 3770
3770, 3767
3768, 3769
3769, 3768
3769, 3771
3771, 3769
3773, 3775
3775, 3773
3774, 3776
3776, 3774
3775, 3777
3777, 3775
3776, 3778
3778, 3776
3778, 3780
3780, 3778
3781, 3786
3786, 3781
3782, 3784
3784, 3782
3784, 3788
3788, 3784
3786, 3789
3789, 3786
3790, 3797
3797, 3790
3791, 3797
3797, 3791
3793, 3795
3795, 3793
3794, 3796
3796, 3794
3795, 3798
3798, 3795
3799, 3803
3803, 3799
3800, 3804
3804, 3800
3801, 3802
3802, 3801
3802, 3805
3805, 3802
3804, 3806
3806, 3804
3809, 3811
3811, 3809
3811, 3813
3813, 3811
3812, 3814
3814, 3812
3813, 3815
3815, 3813
3814, 3815
3815, 3814
3818, 3822
3822, 3818
3819, 3821
3821, 3819
3820, 3821
3821, 3820
3820, 3823
3823, 3820
3822, 3825
3825, 3822
3823, 3824
3824, 3823
3826, 3830
3830, 3826
3827, 3829
3829, 3827
3829, 3832
3832, 3829
3830, 3834
3834, 3830
3831, 3833
3833, 3831
3835, 3840
3840, 3835
3836, 3839
3839, 3836
3837, 3838
3838, 3837
3838, 3841
3841, 3838
3846, 3848
3848, 3846
3847, 3848
3848, 3847
3847, 3849
3849, 3847
3848, 3850
3850, 3848
3849, 3850
3850, 3849
3849, 3851
3851, 3849
3851, 3852
3852, 3851
3854, 3857
3857, 3854
3855, 3858
3858, 3855
3856, 3857
3857, 3856
3857, 3859
3859, 3857
3858, 3860
3860, 3858
3859, 3861
3861, 3859
3862, 3866
3866, 3862
3864, 3869
3869, 3864
3865, 3868
3868, 3865
3872, 3876
3876, 3872
3873, 3874
3874, 3873
3876, 3877
3877, 3876
3880, 3885
3885, 3880
3883, 3886
3886, 3883
3885, 3887
3887, 3885
3886, 3888
3888, 3886
3889, 3893
3893, 3889
3891, 3892
3892, 3891
3892, 3895
3895, 3892
3893, 3894
3894, 3893
3895, 3896
3896, 3895
3896, 3897
3897, 3896
3898, 3903
3903, 3898
3900, 3902
3902, 3900
3901, 3905
3905, 3901
3902, 3906
3906, 3902
3905, 3906
3906, 3905
3907, 3912
3912, 3907
3908, 3910
3910, 3908
3909, 3910
3910, 3909
3910, 3913
3913, 3910
3912, 3915
3915, 3912
3917, 3920
3920, 3917
3918, 3919
3919, 3918
3922, 3923
3923, 3922
3926, 3929
3929, 3926
3927, 3928
3928, 3927
3928, 3931
3931, 3928
3930, 3933
3933, 3930
3931, 3932
3932, 3931
3934, 3939
3939, 3934
3935, 3938
3938, 3935
3936, 3937
3937, 3936
3938, 3940
3940, 3938
3939, 3941
3941, 3939
3940, 3942
3942, 3940
3944, 3947
3947, 3944
3948, 3949
3949, 3948
3949, 3950
3950, 3949
3953, 3955
3955, 3953
3954, 3956
3956, 3954
3955, 3958
3958, 3955
3956, 3957
3957, 3956
3957, 3960
3960, 3957
3962, 3967
3967, 3962
3963, 3965
3965, 3963
3964, 3968
3968, 3964
3966, 3968
3968, 3966
3966, 3969
3969, 3966
3970, 3973
3973, 3970
3973, 3975
3975, 3973
3974, 3976
3976, 3974
3976, 3977
3977, 3976
3977, 3978
3978, 3977
3980, 3984
3984, 3980
3981, 3983
3983, 3981
3982, 3985
3985, 3982
3983, 3986
3986, 3983
3985, 3987
3987, 3985
3988, 3991
3991, 3988
3989, 3990
3990, 3989
3990, 3993
3993, 3990
3991, 3992
3992, 3991
3992, 3995
3995, 3992
3993, 3994
3994, 3993
3995, 3996
3996, 3995
3997, 4000
4000, 3997
3998, 4001
4001, 3998
3999, 4002
4002, 3999
4002, 4003
4003, 4002
4003, 4004
4004, 4003
4004, 4005
4005, 4004
4006, 4009
4009, 4006
4007, 4011
4011, 4007
4008, 4012
4012, 4008
4011, 4013
4013, 4011
4012, 4014
4014, 4012
4016, 4017
4017, 4016
4017, 4019
4019, 4017
4019, 4020
4020, 4019
4020, 4021
4021, 4020
4021, 4022
4022, 4021
4022, 4023
4023, 4022
4025, 4028
4028, 4025
4026, 4028
4028, 4026
4027, 4030
4030, 4027
4030, 4032
4032, 4030
4033, 4036
4036, 4033
4034, 4037
4037, 4034
4035, 4038
4038, 4035
4036, 4039
4039, 4036
4037, 4041
4041, 4037
4038, 4040
4040, 4038
4042, 4044
4044, 4042
4043, 4045
4045, 4043
4044, 4047
4047, 4044
4045, 4046
4046, 4045
4048, 4049
4049, 4048
4049, 4050
4050, 4049
4052, 4056
4056, 4052
4052, 4057
4057, 4052
4053, 4056
4056, 4053
4054, 4055
4055, 4054
4056, 4058
4058, 4056
4057, 4059
4059, 4057
4063, 4065
4065, 4063
4065, 4066
4066, 4065
4069, 4073
4073, 4069
4070, 4072
4072, 4070
4071, 4074
4074, 4071
4072, 4076
4076, 4072
4074, 4075
4075, 4074
4075, 4077
4077, 4075
4078, 4081
4081, 4078
4081, 4083
4083, 4081
4083, 4084
4084, 4083
4084, 4085
4085, 4084
4085, 4086
4086, 4085
4087, 4092
4092, 4087
4089, 4091
4091, 4089
4090, 4092
4092, 4090
4090, 4093
4093, 4090
4092, 4094
4094, 4092
4093, 4095
4095, 4093
4096, 4099
4099, 4096
4097, 4098
4098, 4097
4098, 4101
4101, 4098
4099, 4100
4100, 4099
4100, 4102
4102, 4100
4101, 4103
4103, 4101
4102, 4104
4104, 4102
4106, 4109
4109, 4106
4106, 4111
4111, 4106
4107, 4110
4110, 4107
4108, 4109
4109, 4108
4109, 4113
4113, 4109
4111, 4112
4112, 4111
4114, 4118
4118, 4114
4115, 4117
4117, 4115
4115, 4119
4119, 4115
4116, 4117
4117, 4116
4117, 4120
4120, 4117
4118, 4121
4121, 4118
4119, 4120
4120, 4119
4120, 4122
4122, 4120
4123, 4127
4127, 4123
4125, 4126
4126, 4125
4126, 4128
4128, 4126
4126, 4129
4129, 4126
4127, 4128
4128, 4127
4128, 4131
4131, 4128
4129, 4130
4130, 4129
4132, 4136
4136, 4132
4134, 4135
4135, 4134
4135, 4137
4137, 4135
4136, 4138
4138, 4136
4137, 4139
4139, 4137
4137, 4140
4140, 4137
4138, 4139
4139, 4138
4141, 4144
4144, 4141
4142, 4147
4147, 4142
4145, 4146
4146, 4145
4146, 4148
4148, 4146
4147, 4149
4149, 4147
4152, 4153
4153, 4152
4153, 4156
4156, 4153
4154, 4155
4155, 4154
4159, 4162
4162, 4159
4160, 4161
4161, 4160
4162, 4163
4163, 4162
4163, 4166
4166, 4163
4170, 4173
4173, 4170
4171, 4172
4172, 4171
4172, 4176
4176, 4172
4173, 4175
4175, 4173
4177, 4184
4184, 4177
4178, 4181
4181, 4178
4180, 4183
4183, 4180
4181, 4185
4185, 4181
4187, 4188
4188, 4187
4188, 4191
4191, 4188
4189, 4190
4190, 4189
4191, 4193
4193, 4191
4193, 4194
4194, 4193
4196, 4197
4197, 4196
4197, 4201
4201, 4197
4198, 4199
4199, 4198
4199, 4200
4200, 4199
4200, 4203
4203, 4200
4201, 4202
4202, 4201
4204, 4209
4209, 4204
4205, 4208
4208, 4205
4206, 4209
4209, 4206
4206, 4210
4210, 4206
4207, 4210
4210, 4207
4207, 4211
4211, 4207
4211, 4212
4212, 4211
4213, 4220
4220, 4213
4214, 4218
4218, 4214
4215, 4217
4217, 4215
4218, 4221
4221, 4218
4223, 4226
4226, 4223
4224, 4228
4228, 4224
4225, 4228
4228, 4225
4226, 4230
4230, 4226
4227, 4229
4229, 4227
4233, 4235
4235, 4233
4235, 4237
4237, 4235
4237, 4238
4238, 4237
4240, 4242
4242, 4240
4241, 4243
4243, 4241
4242, 4244
4244, 4242
4244, 4247
4247, 4244
4245, 4246
4246, 4245
4247, 4248
4248, 4247
4249, 4254
4254, 4249
4250, 4252
4252, 4250
4251, 4252
4252, 4251
4251, 4253
4253, 4251
4252, 4256
4256, 4252
4253, 4255
4255, 4253
4253, 4257
4257, 4253
4254, 4255
4255, 4254
4258, 4262
4262, 4258
4260, 4261
4261, 4260
4261, 4264
4264, 4261
4264, 4265
4265, 4264
4267, 4271
4271, 4267
4269, 4272
4272, 4269
4270, 4274
4274, 4270
4272, 4273
4273, 4272
4274, 4275
4275, 4274
4277, 4280
4280, 4277
4279, 4281
4281, 4279
4280, 4283
4283, 4280
4281, 4282
4282, 4281
4283, 4284
4284, 4283
4285, 4288
4288, 4285
4286, 4289
4289, 4286
4287, 4290
4290, 4287
4288, 4291
4291, 4288
4289, 4292
4292, 4289
4290, 4293
4293, 4290
4295, 4299
4299, 4295
4296, 4297
4297, 4296
4297, 4301
4301, 4297
4298, 4300
4300, 4298
4299, 4302
4302, 4299
4304, 4305
4305, 4304
4305, 4306
4306, 4305
4307, 4308
4308, 4307
4308, 4309
4309, 4308
4309, 4310
4310, 4309
4310, 4311
4311, 4310
4312, 4316
4316, 4312
4313, 4317
4317, 4313
4316, 4319
4319, 4316
4317, 4320
4320, 4317
4321, 4324
4324, 4321
4322, 4323
4323, 4322
4323, 4326
4326, 4323
4324, 4325
4325, 4324
4327, 4328
4328, 4327
4328, 4329
4329, 4328
4330, 4336
4336, 4330
4332, 4334
4334, 4332
4336, 4337
4337, 4336
4336, 4338
4338, 4336
4341, 4342
4342, 4341
4342, 4344
4344, 4342
4344, 4346
4346, 4344
4349, 4353
4353, 4349
4349, 4354
4354, 4349
4351, 4352
4352, 4351
4354, 4355
4355, 4354
4357, 4363
4363, 4357
4358, 4361
4361, 4358
4359, 4361
4361, 4359
4363, 4365
4365, 4363
4367, 4369
4369, 4367
4369, 4370
4370, 4369
4370, 4371
4371, 4370
4371, 4372
4372, 4371
4372, 4373
4373, 4372
4373, 4374
4374, 4373
4375, 4380
4380, 4375
4378, 4379
4379, 4378
4379, 4382
4382, 4379
4380, 4381
4381, 4380
4381, 4383
4383, 4381
4384, 4386
4386, 4384
4386, 4390
4390, 4386
4387, 4388
4388, 4387
4388, 4389
4389, 4388
4389, 4391
4391, 4389
4389, 4392
4392, 4389
4390, 4391
4391, 4390
4393, 4396
4396, 4393
4395, 4397
4397, 4395
4396, 4398
4398, 4396
4397, 4398
4398, 4397
4397, 4399
4399, 4397
4399, 4400
4400, 4399
4399, 4401
4401, 4399
4402, 4407
4407, 4402
4404, 4405
4405, 4404
4406, 4408
4408, 4406
4407, 4410
4410, 4407
4408, 4409
4409, 4408
4411, 4417
4417, 4411
4412, 4415
4415, 4412
4414, 4416
4416, 4414
4415, 4419
4419, 4415
4417, 4418
4418, 4417
4420, 4425
4425, 4420
4422, 4426
4426, 4422
4425, 4427
4427, 4425
4426, 4428
4428, 4426
4430, 4432
4432, 4430
4431, 4433
4433, 4431
4432, 4434
4434, 4432
4435, 4436
4436, 4435
4436, 4437
4437, 4436
4439, 4442
4442, 4439
4440, 4443
4443, 4440
4441, 4443
4443, 4441
4441, 4444
4444, 4441
4443, 4445
4445, 4443
4444, 4446
4446, 4444
4447, 4450
4450, 4447
4448, 4452
4452, 4448
4452, 4454
4454, 4452
4457, 4459
4459, 4457
4457, 4460
4460, 4457
4466, 4469
4469, 4466
4467, 4468
4468, 4467
4468, 4471
4471, 4468
4469, 4470
4470, 4469
4470, 4473
4473, 4470
4471, 4472
4472, 4471
4474, 4480
4480, 4474
4475, 4480
4480, 4475
4476, 4478
4478, 4476
4477, 4478
4478, 4477
4477, 4479
4479, 4477
4480, 4482
4482, 4480
4483, 4487
4487, 4483
4484, 4487
4487, 4484
4486, 4488
4488, 4486
4488, 4489
4489, 4488
4492, 4497
4497, 4492
4494, 4496
4496, 4494
4495, 4496
4496, 4495
4495, 4498
4498, 4495
4498, 4499
4499, 4498
