7, 10
10, 7
13, 14
14, 13
17, 20
20, 17
18, 20
20, 18
22, 24
24, 22
22, 25
25, 22
27, 30
30, 27
36, 39
39, 36
38, 40
40, 38
42, 44
44, 42
43, 45
45, 43
51, 54
54, 51
52, 55
55, 52
57, 60
60, 57
61, 65
65, 61
62, 65
65, 62
74, 75
75, 74
76, 80
80, 76
77, 80
80, 77
87, 90
90, 87
88, 89
89, 88
93, 94
94, 93
97, 100
100, 97
98, 99
99, 98
102, 103
103, 102
103, 104
104, 103
104, 105
105, 104
107, 109
109, 107
108, 110
110, 108
113, 115
115, 113
116, 120
120, 116
118, 119
119, 118
122, 125
125, 122
124, 125
125, 124
129, 130
130, 129
133, 134
134, 133
136, 140
140, 136
142, 145
145, 142
143, 144
144, 143
147, 149
149, 147
148, 150
150, 148
154, 155
155, 154
156, 159
159, 156
158, 160
160, 158
164, 165
165, 164
167, 169
169, 167
169, 170
170, 169
171, 174
174, 171
173, 175
175, 173
178, 180
180, 178
181, 184
184, 181
182, 185
185, 182
186, 190
190, 186
188, 190
190, 188
192, 195
195, 192
193, 195
195, 193
197, 200
200, 197
203, 204
204, 203
206, 209
209, 206
207, 209
209, 207
207, 210
210, 207
208, 210
210, 208
213, 215
215, 213
217, 220
220, 217
223, 225
225, 223
227, 230
230, 227
228, 229
229, 228
233, 234
234, 233
234, 235
235, 234
236, 240
240, 236
237, 239
239, 237
241, 245
245, 241
242, 244
244, 242
251, 254
254, 251
252, 255
255, 252
253, 254
254, 253
261, 263
263, 261
262, 264
264, 262
266, 269
269, 266
269, 270
270, 269
271, 275
275, 271
278, 279
279, 278
279, 280
280, 279
287, 290
290, 287
292, 294
294, 292
293, 295
295, 293
297, 299
299, 297
298, 299
299, 298
302, 303
303, 302
302, 304
304, 302
304, 305
305, 304
313, 315
315, 313
316, 318
318, 316
319, 320
320, 319
322, 324
324, 322
323, 325
325, 323
333, 335
335, 333
341, 344
344, 341
343, 345
345, 343
348, 349
349, 348
349, 350
350, 349
351, 354
354, 351
352, 353
353, 352
353, 355
355, 353
356, 359
359, 356
361, 364
364, 361
363, 365
365, 363
372, 373
373, 372
374, 375
375, 374
376, 380
380, 376
378, 379
379, 378
382, 384
384, 382
383, 385
385, 383
386, 389
389, 386
388, 390
390, 388
391, 394
394, 391
393, 394
394, 393
399, 400
400, 399
402, 405
405, 402
403, 404
404, 403
406, 409
409, 406
416, 419
419, 416
416, 420
420, 416
421, 424
424, 421
423, 425
425, 423
431, 435
435, 431
436, 440
440, 436
437, 439
439, 437
438, 439
439, 438
441, 444
444, 441
442, 445
445, 442
443, 444
444, 443
443, 445
445, 443
451, 455
455, 451
453, 455
455, 453
457, 459
459, 457
458, 459
459, 458
458, 460
460, 458
463, 464
464, 463
466, 469
469, 466
473, 475
475, 473
478, 480
480, 478
483, 485
485, 483
489, 490
490, 489
492, 495
495, 492
493, 494
494, 493
496, 499
499, 496
498, 499
499, 498
498, 500
500, 498
502, 505
505, 502
507, 509
509, 507
508, 509
509, 508
508, 510
510, 508
511, 515
515, 511
512, 514
514, 512
517, 520
520, 517
518, 519
519, 518
527, 530
530, 527
531, 534
534, 531
532, 535
535, 532
533, 535
535, 533
537, 539
539, 537
538, 540
540, 538
546, 549
549, 546
547, 550
550, 547
552, 554
554, 552
556, 560
560, 556
561, 564
564, 561
562, 565
565, 562
567, 569
569, 567
569, 570
570, 569
571, 575
575, 571
573, 574
574, 573
576, 578
578, 576
577, 580
580, 577
582, 584
584, 582
583, 584
584, 583
583, 585
585, 583
586, 588
588, 586
587, 589
589, 587
591, 595
595, 591
598, 600
600, 598
603, 605
605, 603
604, 605
605, 604
607, 610
610, 607
608, 609
609, 608
611, 614
614, 611
612, 615
615, 612
622, 624
624, 622
623, 624
624, 623
627, 630
630, 627
628, 629
629, 628
633, 635
635, 633
636, 640
640, 636
642, 644
644, 642
643, 645
645, 643
648, 649
649, 648
648, 650
650, 648
652, 655
655, 652
653, 655
655, 653
656, 659
659, 656
657, 660
660, 657
661, 664
664, 661
662, 665
665, 662
663, 664
664, 663
663, 665
665, 663
666, 670
670, 666
677, 680
680, 677
678, 679
679, 678
682, 685
685, 682
683, 684
684, 683
686, 690
690, 686
692, 694
694, 692
693, 694
694, 693
693, 695
695, 693
696, 698
698, 696
697, 699
699, 697
699, 700
700, 699
701, 704
704, 701
703, 705
705, 703
712, 715
715, 712
713, 714
714, 713
721, 725
725, 721
723, 724
724, 723
727, 730
730, 727
733, 734
734, 733
734, 735
735, 734
736, 739
739, 736
743, 745
745, 743
752, 753
753, 752
758, 759
759, 758
759, 760
760, 759
762, 765
765, 762
767, 770
770, 767
772, 774
774, 772
773, 775
775, 773
776, 778
778, 776
777, 778
778, 777
777, 779
779, 777
778, 780
780, 778
782, 785
785, 782
783, 784
784, 783
786, 789
789, 786
791, 794
794, 791
792, 795
795, 792
796, 798
798, 796
797, 798
798, 797
797, 799
799, 797
799, 800
800, 799
801, 805
805, 801
806, 809
809, 806
807, 810
810, 807
808, 809
809, 808
817, 819
819, 817
818, 820
820, 818
822, 824
824, 822
826, 830
830, 826
828, 830
830, 828
832, 834
834, 832
833, 835
835, 833
836, 840
840, 836
837, 839
839, 837
842, 845
845, 842
843, 844
844, 843
846, 849
849, 846
848, 850
850, 848
851, 854
854, 851
853, 854
854, 853
858, 860
860, 858
859, 860
860, 859
862, 865
865, 862
874, 875
875, 874
881, 884
884, 881
883, 884
884, 883
887, 889
889, 887
888, 890
890, 888
897, 899
899, 897
898, 900
900, 898
901, 904
904, 901
902, 905
905, 902
903, 905
905, 903
906, 909
909, 906
908, 910
910, 908
912, 915
915, 912
916, 919
919, 916
917, 920
920, 917
918, 919
919, 918
921, 924
924, 921
922, 925
925, 922
926, 929
929, 926
927, 930
930, 927
933, 935
935, 933
934, 935
935, 934
942, 945
945, 942
946, 950
950, 946
948, 950
950, 948
953, 955
955, 953
956, 959
959, 956
958, 960
960, 958
962, 964
964, 962
967, 970
970, 967
968, 969
969, 968
971, 975
975, 971
978, 980
980, 978
979, 980
980, 979
984, 985
985, 984
986, 990
990, 986
987, 989
989, 987
994, 995
995, 994
997, 1000
1000, 997
1001, 1004
1004, 1001
1002, 1003
1003, 1002
1003, 1005
1005, 1003
1007, 1010
1010, 1007
1011, 1015
1015, 1011
1013, 1014
1014, 1013
1018, 1020
1020, 1018
1019, 1020
1020, 1019
1022, 1025
1025, 1022
1026, 1029
1029, 1026
1027, 1028
1028, 1027
1032, 1033
1033, 1032
1033, 1034
1034, 1033
1034, 1035
1035, 1034
1037, 1040
1040, 1037
1039, 1040
1040, 1039
1044, 1045
1045, 1044
1047, 1048
1048, 1047
1048, 1049
1049, 1048
1049, 1050
1050, 1049
1057, 1059
1059, 1057
1058, 1060
1060, 1058
1062, 1065
1065, 1062
1068, 1069
1069, 1068
1072, 1074
1074, 1072
1074, 1075
1075, 1074
1077, 1079
1079, 1077
1078, 1080
1080, 1078
1081, 1083
1083, 1081
1092, 1093
1093, 1092
1093, 1095
1095, 1093
1099, 1100
1100, 1099
1101, 1105
1105, 1101
1112, 1115
1115, 1112
1117, 1119
1119, 1117
1118, 1120
1120, 1118
1123, 1124
1124, 1123
1124, 1125
1125, 1124
1129, 1130
1130, 1129
1131, 1135
1135, 1131
1132, 1134
1134, 1132
1136, 1140
1140, 1136
1141, 1145
1145, 1141
1143, 1144
1144, 1143
1147, 1150
1150, 1147
1148, 1149
1149, 1148
1153, 1155
1155, 1153
1159, 1160
1160, 1159
1161, 1164
1164, 1161
1162, 1165
1165, 1162
1167, 1170
1170, 1167
1168, 1169
1169, 1168
1172, 1174
1174, 1172
1173, 1174
1174, 1173
1176, 1180
1180, 1176
1182, 1184
1184, 1182
1183, 1185
1185, 1183
1187, 1189
1189, 1187
1188, 1189
1189, 1188
1188, 1190
1190, 1188
1193, 1195
1195, 1193
1198, 1199
1199, 1198
1201, 1204
1204, 1201
1207, 1210
1210, 1207
1209, 1210
1210, 1209
1212, 1215
1215, 1212
1213, 1214
1214, 1213
1227, 1228
1228, 1227
1228, 1229
1229, 1228
1233, 1235
1235, 1233
1238, 1239
1239, 1238
1254, 1255
1255, 1254
1257, 1259
1259, 1257
1261, 1265
1265, 1261
1264, 1265
1265, 1264
1269, 1270
1270, 1269
1277, 1279
1279, 1277
1278, 1280
1280, 1278
1281, 1284
1284, 1281
1282, 1283
1283, 1282
1289, 1290
1290, 1289
1291, 1293
1293, 1291
1292, 1294
1294, 1292
1293, 1295
1295, 1293
1299, 1300
1300, 1299
1306, 1310
1310, 1306
1307, 1309
1309, 1307
1314, 1315
1315, 1314
1319, 1320
1320, 1319
1326, 1330
1330, 1326
1334, 1335
1335, 1334
1337, 1340
1340, 1337
1338, 1339
1339, 1338
1341, 1345
1345, 1341
1343, 1345
1345, 1343
1347, 1349
1349, 1347
1351, 1355
1355, 1351
1353, 1354
1354, 1353
1359, 1360
1360, 1359
1367, 1369
1369, 1367
1371, 1375
1375, 1371
1372, 1375
1375, 1372
1381, 1385
1385, 1381
1383, 1384
1384, 1383
1387, 1390
1390, 1387
1391, 1394
1394, 1391
1393, 1395
1395, 1393
1398, 1400
1400, 1398
1403, 1405
1405, 1403
1411, 1415
1415, 1411
1412, 1414
1414, 1412
1418, 1420
1420, 1418
1421, 1425
1425, 1421
1422, 1424
1424, 1422
1427, 1430
1430, 1427
1431, 1434
1434, 1431
1431, 1435
1435, 1431
1443, 1445
1445, 1443
1447, 1450
1450, 1447
1466, 1470
1470, 1466
1468, 1469
1469, 1468
1471, 1475
1475, 1471
1476, 1479
1479, 1476
1478, 1480
1480, 1478
1482, 1484
1484, 1482
1486, 1489
1489, 1486
1487, 1490
1490, 1487
1498, 1500
1500, 1498
1503, 1504
1504, 1503
1503, 1505
1505, 1503
1508, 1510
1510, 1508
1512, 1515
1515, 1512
1513, 1515
1515, 1513
1519, 1520
1520, 1519
1521, 1525
1525, 1521
1522, 1524
1524, 1522
1523, 1525
1525, 1523
1527, 1530
1530, 1527
1528, 1529
1529, 1528
1533, 1535
1535, 1533
1538, 1540
1540, 1538
1541, 1544
1544, 1541
1542, 1543
1543, 1542
1544, 1545
1545, 1544
1547, 1548
1548, 1547
1549, 1550
1550, 1549
1559, 1560
1560, 1559
1561, 1563
1563, 1561
1562, 1565
1565, 1562
1566, 1570
1570, 1566
1568, 1569
1569, 1568
1581, 1585
1585, 1581
1589, 1590
1590, 1589
1597, 1599
1599, 1597
1598, 1600
1600, 1598
1602, 1604
1604, 1602
1603, 1605
1605, 1603
1606, 1609
1609, 1606
1607, 1609
1609, 1607
1611, 1614
1614, 1611
1617, 1620
1620, 1617
1621, 1623
1623, 1621
1623, 1625
1625, 1623
1632, 1634
1634, 1632
1633, 1634
1634, 1633
1633, 1635
1635, 1633
1636, 1640
1640, 1636
1642, 1643
1643, 1642
1642, 1644
1644, 1642
1644, 1645
1645, 1644
1647, 1650
1650, 1647
1648, 1649
1649, 1648
1651, 1655
1655, 1651
1652, 1654
1654, 1652
1653, 1654
1654, 1653
1657, 1658
1658, 1657
1658, 1659
1659, 1658
1659, 1660
1660, 1659
1666, 1669
1669, 1666
1667, 1668
1668, 1667
1672, 1674
1674, 1672
1673, 1675
1675, 1673
1676, 1680
1680, 1676
1677, 1679
1679, 1677
1678, 1679
1679, 1678
1681, 1685
1685, 1681
1683, 1684
1684, 1683
1689, 1690
1690, 1689
1691, 1695
1695, 1691
1693, 1694
1694, 1693
1699, 1700
1700, 1699
1701, 1705
1705, 1701
1706, 1708
1708, 1706
1707, 1709
1709, 1707
1711, 1714
1714, 1711
1712, 1713
1713, 1712
1713, 1715
1715, 1713
1716, 1720
1720, 1716
1717, 1720
1720, 1717
1721, 1724
1724, 1721
1721, 1725
1725, 1721
1722, 1724
1724, 1722
1728, 1730
1730, 1728
1733, 1735
1735, 1733
1737, 1740
1740, 1737
1746, 1750
1750, 1746
1747, 1748
1748, 1747
1749, 1750
1750, 1749
1752, 1754
1754, 1752
1754, 1755
1755, 1754
1757, 1760
1760, 1757
1766, 1770
1770, 1766
1767, 1769
1769, 1767
1771, 1775
1775, 1771
1774, 1775
1775, 1774
1776, 1780
1780, 1776
1778, 1779
1779, 1778
1781, 1784
1784, 1781
1783, 1785
1785, 1783
1786, 1790
1790, 1786
1791, 1795
1795, 1791
1797, 1800
1800, 1797
1813, 1815
1815, 1813
1814, 1815
1815, 1814
1817, 1819
1819, 1817
1818, 1820
1820, 1818
1821, 1825
1825, 1821
1823, 1824
1824, 1823
1831, 1833
1833, 1831
1832, 1834
1834, 1832
1838, 1840
1840, 1838
1842, 1845
1845, 1842
1843, 1845
1845, 1843
1844, 1845
1845, 1844
1847, 1850
1850, 1847
1849, 1850
1850, 1849
1851, 1854
1854, 1851
1852, 1855
1855, 1852
1858, 1860
1860, 1858
1859, 1860
1860, 1859
1866, 1869
1869, 1866
1868, 1870
1870, 1868
1871, 1875
1875, 1871
1872, 1874
1874, 1872
1883, 1885
1885, 1883
1886, 1890
1890, 1886
1889, 1890
1890, 1889
1892, 1894
1894, 1892
1894, 1895
1895, 1894
1896, 1899
1899, 1896
1902, 1905
1905, 1902
1903, 1904
1904, 1903
1906, 1909
1909, 1906
1912, 1913
1913, 1912
1914, 1915
1915, 1914
1918, 1920
1920, 1918
1927, 1930
1930, 1927
1928, 1929
1929, 1928
1937, 1940
1940, 1937
1941, 1943
1943, 1941
1942, 1944
1944, 1942
1943, 1945
1945, 1943
1946, 1950
1950, 1946
1953, 1955
1955, 1953
1956, 1960
1960, 1956
1961, 1965
1965, 1961
1968, 1969
1969, 1968
1968, 1970
1970, 1968
1973, 1974
1974, 1973
1976, 1979
1979, 1976
1978, 1980
1980, 1978
1983, 1985
1985, 1983
1986, 1989
1989, 1986
1988, 1989
1989, 1988
1996, 1998
1998, 1996
2007, 2009
2009, 2007
2008, 2009
2009, 2008
2008, 2010
2010, 2008
2011, 2015
2015, 2011
2012, 2014
2014, 2012
2013, 2015
2015, 2013
2019, 2020
2020, 2019
2021, 2025
2025, 2021
2023, 2024
2024, 2023
2027, 2030
2030, 2027
2028, 2029
2029, 2028
2032, 2033
2033, 2032
2034, 2035
2035, 2034
2039, 2040
2040, 2039
2041, 2044
2044, 2041
2042, 2043
2043, 2042
2046, 2049
2049, 2046
2047, 2049
2049, 2047
2051, 2054
2054, 2051
2056, 2059
2059, 2056
2058, 2060
2060, 2058
2073, 2074
2074, 2073
2074, 2075
2075, 2074
2078, 2080
2080, 2078
2079, 2080
2080, 2079
2084, 2085
2085, 2084
2088, 2089
2089, 2088
2091, 2094
2094, 2091
2092, 2095
2095, 2092
2096, 2099
2099, 2096
2101, 2105
2105, 2101
2102, 2105
2105, 2102
2107, 2110
2110, 2107
2108, 2109
2109, 2108
2114, 2115
2115, 2114
2117, 2120
2120, 2117
2119, 2120
2120, 2119
2122, 2125
2125, 2122
2123, 2124
2124, 2123
2126, 2129
2129, 2126
2128, 2129
2129, 2128
2128, 2130
2130, 2128
2131, 2135
2135, 2131
2133, 2134
2134, 2133
2139, 2140
2140, 2139
2141, 2145
2145, 2141
2146, 2149
2149, 2146
2148, 2150
2150, 2148
2151, 2153
2153, 2151
2152, 2154
2154, 2152
2156, 2159
2159, 2156
2158, 2160
2160, 2158
2162, 2164
2164, 2162
2163, 2165
2165, 2163
2166, 2169
2169, 2166
2167, 2168
2168, 2167
2169, 2170
2170, 2169
2171, 2173
2173, 2171
2176, 2180
2180, 2176
2177, 2179
2179, 2177
2184, 2185
2185, 2184
2186, 2189
2189, 2186
2187, 2190
2190, 2187
2188, 2189
2189, 2188
2191, 2195
2195, 2191
2196, 2200
2200, 2196
2197, 2199
2199, 2197
2202, 2205
2205, 2202
2203, 2204
2204, 2203
2206, 2209
2209, 2206
2207, 2210
2210, 2207
2211, 2215
2215, 2211
2213, 2214
2214, 2213
2217, 2219
2219, 2217
2218, 2220
2220, 2218
2222, 2225
2225, 2222
2223, 2224
2224, 2223
2234, 2235
2235, 2234
2236, 2239
2239, 2236
2237, 2240
2240, 2237
2251, 2254
2254, 2251
2251, 2255
2255, 2251
2253, 2255
2255, 2253
2257, 2260
2260, 2257
2262, 2265
2265, 2262
2266, 2270
2270, 2266
2267, 2268
2268, 2267
2273, 2275
2275, 2273
2277, 2279
2279, 2277
2278, 2280
2280, 2278
2286, 2289
2289, 2286
2293, 2294
2294, 2293
2296, 2299
2299, 2296
2299, 2300
2300, 2299
2303, 2305
2305, 2303
2307, 2310
2310, 2307
2312, 2313
2313, 2312
2313, 2315
2315, 2313
2316, 2320
2320, 2316
2317, 2319
2319, 2317
2321, 2325
2325, 2321
2322, 2324
2324, 2322
2323, 2324
2324, 2323
2323, 2325
2325, 2323
2326, 2330
2330, 2326
2331, 2334
2334, 2331
2336, 2339
2339, 2336
2337, 2339
2339, 2337
2342, 2345
2345, 2342
2348, 2350
2350, 2348
2351, 2354
2354, 2351
2352, 2353
2353, 2352
2353, 2355
2355, 2353
2361, 2364
2364, 2361
2362, 2365
2365, 2362
2366, 2369
2369, 2366
2369, 2370
2370, 2369
2373, 2375
2375, 2373
2377, 2380
2380, 2377
2379, 2380
2380, 2379
2383, 2385
2385, 2383
2388, 2390
2390, 2388
2393, 2395
2395, 2393
2394, 2395
2395, 2394
2398, 2399
2399, 2398
2403, 2404
2404, 2403
2406, 2409
2409, 2406
2408, 2410
2410, 2408
2411, 2414
2414, 2411
2413, 2415
2415, 2413
2417, 2419
2419, 2417
2418, 2419
2419, 2418
2419, 2420
2420, 2419
2422, 2425
2425, 2422
2424, 2425
2425, 2424
2427, 2429
2429, 2427
2429, 2430
2430, 2429
2432, 2435
2435, 2432
2433, 2435
2435, 2433
2436, 2440
2440, 2436
2438, 2439
2439, 2438
2441, 2445
2445, 2441
2446, 2449
2449, 2446
2447, 2448
2448, 2447
2448, 2450
2450, 2448
2458, 2460
2460, 2458
2463, 2465
2465, 2463
2469, 2470
2470, 2469
2471, 2474
2474, 2471
2472, 2473
2473, 2472
2476, 2480
2480, 2476
2477, 2480
2480, 2477
2482, 2485
2485, 2482
2483, 2484
2484, 2483
2486, 2488
2488, 2486
2487, 2488
2488, 2487
2487, 2489
2489, 2487
2489, 2490
2490, 2489
2491, 2494
2494, 2491
2492, 2493
2493, 2492
2493, 2495
2495, 2493
2497, 2500
2500, 2497
2498, 2499
2499, 2498
