1, 5
5, 1
2, 9
9, 2
3, 6
6, 3
3, 7
7, 3
4, 6
6, 4
4, 7
7, 4
6, 8
8, 6
7, 8
8, 7
13, 15
15, 13
14, 16
16, 14
15, 17
17, 15
16, 17
17, 16
17, 18
18, 17
18, 19
19, 18
19, 20
20, 19
21, 27
27, 21
23, 26
26, 23
24, 26
26, 24
24, 28
28, 24
25, 26
26, 25
25, 27
27, 25
25, 28
28, 25
25, 29
29, 25
29, 30
30, 29
31, 34
34, 31
32, 35
35, 32
33, 34
34, 33
33, 35
35, 33
34, 37
37, 34
34, 38
38, 34
35, 36
36, 35
37, 39
39, 37
38, 39
39, 38
38, 40
40, 38
41, 45
45, 41
41, 48
48, 41
42, 45
45, 42
42, 47
47, 42
43, 48
48, 43
43, 49
49, 43
43, 50
50, 43
44, 47
47, 44
44, 50
50, 44
46, 47
47, 46
46, 50
50, 46
51, 56
56, 51
52, 57
57, 52
52, 58
58, 52
53, 56
56, 53
54, 55
55, 54
56, 60
60, 56
57, 59
59, 57
58, 59
59, 58
61, 67
67, 61
62, 65
65, 62
64, 66
66, 64
64, 67
67, 64
64, 68
68, 64
65, 70
70, 65
66, 70
70, 66
67, 69
69, 67
68, 69
69, 68
71, 74
74, 71
72, 74
74, 72
72, 75
75, 72
72, 77
77, 72
73, 75
75, 73
74, 78
78, 74
75, 78
78, 75
76, 77
77, 76
77, 79
79, 77
77, 80
80, 77
81, 85
85, 81
82, 84
84, 82
83, 85
85, 83
83, 86
86, 83
84, 89
89, 84
85, 88
88, 85
86, 90
90, 86
91, 95
95, 91
93, 95
95, 93
93, 97
97, 93
94, 96
96, 94
95, 99
99, 95
96, 98
98, 96
97, 99
99, 97
98, 100
100, 98
99, 100
100, 99
102, 106
106, 102
103, 106
106, 103
104, 105
105, 104
105, 107
107, 105
105, 110
110, 105
106, 108
108, 106
106, 109
109, 106
107, 111
111, 107
109, 111
111, 109
112, 117
117, 112
113, 117
117, 113
114, 118
118, 114
115, 116
116, 115
116, 119
119, 116
117, 120
120, 117
118, 121
121, 118
121, 122
122, 121
123, 128
128, 123
125, 127
127, 125
125, 128
128, 125
126, 128
128, 126
126, 129
129, 126
127, 131
131, 127
127, 132
132, 127
128, 130
130, 128
129, 130
130, 129
129, 131
131, 129
132, 133
133, 132
135, 138
138, 135
137, 139
139, 137
138, 140
140, 138
139, 141
141, 139
139, 142
142, 139
140, 144
144, 140
141, 143
143, 141
142, 143
143, 142
142, 144
144, 142
145, 150
150, 145
146, 149
149, 146
147, 150
150, 147
148, 151
151, 148
150, 152
152, 150
151, 152
152, 151
151, 153
153, 151
153, 154
154, 153
153, 155
155, 153
157, 160
160, 157
158, 165
165, 158
159, 162
162, 159
160, 164
164, 160
161, 163
163, 161
162, 166
166, 162
163, 164
164, 163
163, 166
166, 163
165, 166
166, 165
167, 173
173, 167
168, 169
169, 168
169, 174
174, 169
170, 171
171, 170
171, 175
175, 171
174, 177
177, 174
175, 176
176, 175
178, 182
182, 178
179, 181
181, 179
180, 181
181, 180
180, 182
182, 180
181, 184
184, 181
182, 183
183, 182
183, 185
185, 183
184, 185
185, 184
185, 186
186, 185
186, 187
187, 186
186, 188
188, 186
189, 192
192, 189
190, 193
193, 190
191, 192
192, 191
191, 194
194, 191
192, 195
195, 192
193, 196
196, 193
193, 197
197, 193
194, 195
195, 194
194, 198
198, 194
197, 199
199, 197
198, 199
199, 198
200, 204
204, 200
200, 205
205, 200
200, 207
207, 200
201, 205
205, 201
202, 205
205, 202
202, 206
206, 202
202, 207
207, 202
203, 204
204, 203
204, 209
209, 204
205, 208
208, 205
206, 208
208, 206
206, 210
210, 206
207, 209
209, 207
207, 210
210, 207
211, 216
216, 211
212, 216
216, 212
212, 217
217, 212
213, 215
215, 213
214, 215
215, 214
214, 217
217, 214
215, 218
218, 215
216, 219
219, 216
217, 218
218, 217
217, 220
220, 217
218, 221
221, 218
220, 221
221, 220
220, 222
222, 220
223, 225
225, 223
223, 226
226, 223
225, 227
227, 225
226, 227
227, 226
226, 229
229, 226
227, 230
230, 227
229, 230
230, 229
230, 231
231, 230
231, 232
232, 231
232, 233
233, 232
232, 234
234, 232
235, 238
238, 235
236, 239
239, 236
237, 238
238, 237
237, 239
239, 237
237, 240
240, 237
238, 242
242, 238
239, 241
241, 239
240, 241
241, 240
240, 242
242, 240
240, 243
243, 240
241, 245
245, 241
242, 245
245, 242
243, 244
244, 243
244, 246
246, 244
245, 246
246, 245
247, 250
250, 247
247, 254
254, 247
248, 252
252, 248
249, 253
253, 249
251, 253
253, 251
252, 257
257, 252
254, 255
255, 254
255, 258
258, 255
259, 264
264, 259
260, 263
263, 260
261, 262
262, 261
262, 266
266, 262
263, 267
267, 263
264, 265
265, 264
265, 270
270, 265
266, 268
268, 266
266, 270
270, 266
267, 269
269, 267
271, 275
275, 271
271, 276
276, 271
273, 275
275, 273
274, 275
275, 274
274, 276
276, 274
274, 277
277, 274
275, 278
278, 275
277, 278
278, 277
277, 279
279, 277
279, 280
280, 279
279, 281
281, 279
280, 282
282, 280
283, 287
287, 283
285, 286
286, 285
286, 289
289, 286
287, 288
288, 287
288, 290
290, 288
289, 291
291, 289
289, 292
292, 289
290, 293
293, 290
291, 293
293, 291
291, 294
294, 291
292, 294
294, 292
295, 299
299, 295
295, 301
301, 295
296, 301
301, 296
297, 299
299, 297
297, 302
302, 297
298, 300
300, 298
299, 304
304, 299
300, 303
303, 300
301, 305
305, 301
303, 306
306, 303
307, 310
310, 307
308, 312
312, 308
309, 311
311, 309
310, 314
314, 310
312, 313
313, 312
312, 315
315, 312
313, 316
316, 313
314, 317
317, 314
315, 316
316, 315
315, 318
318, 315
319, 322
322, 319
320, 324
324, 320
321, 322
322, 321
321, 323
323, 321
322, 327
327, 322
323, 325
325, 323
324, 328
328, 324
325, 329
329, 325
328, 330
330, 328
331, 337
337, 331
331, 339
339, 331
333, 338
338, 333
334, 337
337, 334
335, 336
336, 335
335, 338
338, 335
336, 341
341, 336
337, 340
340, 337
337, 341
341, 337
338, 342
342, 338
339, 341
341, 339
339, 342
342, 339
339, 343
343, 339
344, 348
348, 344
345, 349
349, 345
346, 349
349, 346
347, 349
349, 347
347, 350
350, 347
347, 351
351, 347
348, 353
353, 348
349, 352
352, 349
350, 352
352, 350
350, 354
354, 350
350, 355
355, 350
351, 353
353, 351
351, 354
354, 351
351, 355
355, 351
354, 356
356, 354
355, 356
356, 355
358, 362
362, 358
359, 361
361, 359
360, 362
362, 360
360, 363
363, 360
361, 364
364, 361
362, 366
366, 362
363, 365
365, 363
363, 367
367, 363
365, 368
368, 365
365, 369
369, 365
366, 368
368, 366
367, 368
368, 367
367, 369
369, 367
371, 375
375, 371
372, 374
374, 372
373, 374
374, 373
374, 376
376, 374
374, 377
377, 374
375, 376
376, 375
376, 378
378, 376
376, 379
379, 376
376, 380
380, 376
377, 379
379, 377
377, 380
380, 377
379, 381
381, 379
379, 382
382, 379
380, 381
381, 380
380, 382
382, 380
383, 386
386, 383
383, 389
389, 383
384, 388
388, 384
384, 390
390, 384
384, 391
391, 384
385, 386
386, 385
387, 390
390, 387
388, 394
394, 388
389, 393
393, 389
390, 392
392, 390
391, 392
392, 391
391, 394
394, 391
392, 395
395, 392
394, 395
395, 394
397, 399
399, 397
398, 401
401, 398
399, 402
402, 399
400, 401
401, 400
401, 402
402, 401
401, 403
403, 401
402, 405
405, 402
403, 404
404, 403
403, 406
406, 403
404, 408
408, 404
405, 407
407, 405
406, 407
407, 406
406, 408
408, 406
409, 412
412, 409
410, 414
414, 410
411, 415
415, 411
412, 416
416, 412
412, 417
417, 412
412, 419
419, 412
413, 414
414, 413
414, 418
418, 414
415, 416
416, 415
416, 420
420, 416
417, 420
420, 417
418, 421
421, 418
419, 420
420, 419
423, 424
424, 423
424, 427
427, 424
424, 428
428, 424
425, 426
426, 425
426, 427
427, 426
426, 429
429, 426
426, 430
430, 426
427, 432
432, 427
428, 431
431, 428
429, 432
432, 429
430, 431
431, 430
430, 432
432, 430
431, 433
433, 431
431, 434
434, 431
435, 437
437, 435
435, 440
440, 435
436, 437
437, 436
437, 441
441, 437
438, 439
439, 438
438, 440
440, 438
439, 442
442, 439
439, 443
443, 439
441, 446
446, 441
442, 445
445, 442
443, 444
444, 443
443, 445
445, 443
445, 447
447, 445
448, 451
451, 448
449, 451
451, 449
449, 452
452, 449
450, 453
453, 450
451, 455
455, 451
452, 454
454, 452
454, 457
457, 454
455, 456
456, 455
455, 459
459, 455
457, 458
458, 457
459, 460
460, 459
461, 466
466, 461
462, 467
467, 462
463, 467
467, 463
464, 468
468, 464
465, 467
467, 465
465, 468
468, 465
465, 469
469, 465
466, 472
472, 466
467, 472
472, 467
467, 473
473, 467
468, 470
470, 468
469, 470
470, 469
469, 471
471, 469
471, 474
474, 471
475, 480
480, 475
476, 478
478, 476
477, 478
478, 477
477, 479
479, 477
478, 484
484, 478
479, 482
482, 479
480, 483
483, 480
482, 486
486, 482
483, 485
485, 483
484, 487
487, 484
486, 488
488, 486
489, 495
495, 489
490, 493
493, 490
490, 494
494, 490
491, 493
493, 491
491, 494
494, 491
492, 493
493, 492
493, 497
497, 493
494, 497
497, 494
494, 498
498, 494
495, 496
496, 495
496, 500
500, 496
497, 499
499, 497
498, 499
499, 498
498, 501
501, 498
500, 502
502, 500
501, 502
502, 501
504, 508
508, 504
505, 507
507, 505
505, 509
509, 505
506, 507
507, 506
506, 509
509, 506
507, 510
510, 507
507, 512
512, 507
508, 511
511, 508
509, 510
510, 509
509, 512
512, 509
509, 513
513, 509
511, 514
514, 511
511, 515
515, 511
513, 514
514, 513
518, 522
522, 518
519, 521
521, 519
520, 522
522, 520
520, 523
523, 520
521, 524
524, 521
522, 525
525, 522
523, 525
525, 523
523, 526
526, 523
524, 527
527, 524
526, 528
528, 526
527, 529
529, 527
528, 529
529, 528
528, 530
530, 528
531, 535
535, 531
532, 534
534, 532
533, 535
535, 533
534, 536
536, 534
535, 537
537, 535
536, 538
538, 536
537, 539
539, 537
538, 541
541, 538
540, 542
542, 540
541, 543
543, 541
543, 544
544, 543
545, 550
550, 545
546, 548
548, 546
547, 549
549, 547
548, 551
551, 548
548, 552
552, 548
549, 554
554, 549
550, 551
551, 550
550, 553
553, 550
552, 555
555, 552
552, 556
556, 552
552, 557
557, 552
553, 557
557, 553
554, 555
555, 554
556, 558
558, 556
559, 565
565, 559
560, 563
563, 560
561, 563
563, 561
562, 564
564, 562
563, 567
567, 563
564, 567
567, 564
564, 568
568, 564
565, 566
566, 565
567, 569
569, 567
568, 569
569, 568
568, 570
570, 568
568, 572
572, 568
570, 571
571, 570
573, 576
576, 573
574, 578
578, 574
575, 577
577, 575
576, 579
579, 576
577, 581
581, 577
578, 580
580, 578
579, 582
582, 579
579, 583
583, 579
582, 584
584, 582
583, 585
585, 583
585, 586
586, 585
587, 591
591, 587
588, 590
590, 588
588, 591
591, 588
589, 591
591, 589
589, 592
592, 589
590, 593
593, 590
592, 593
593, 592
592, 594
594, 592
593, 595
595, 593
594, 595
595, 594
594, 596
596, 594
595, 597
597, 595
596, 597
597, 596
596, 598
598, 596
596, 600
600, 596
597, 599
599, 597
598, 599
599, 598
601, 607
607, 601
602, 605
605, 602
603, 607
607, 603
603, 608
608, 603
604, 606
606, 604
605, 612
612, 605
606, 611
611, 606
607, 609
609, 607
608, 610
610, 608
609, 613
613, 609
609, 614
614, 609
610, 613
613, 610
610, 614
614, 610
610, 615
615, 610
612, 613
613, 612
616, 619
619, 616
617, 620
620, 617
617, 627
627, 617
618, 619
619, 618
618, 625
625, 618
619, 624
624, 619
620, 623
623, 620
621, 622
622, 621
622, 623
623, 622
622, 624
624, 622
625, 626
626, 625
626, 628
628, 626
626, 629
629, 626
627, 630
630, 627
631, 636
636, 631
633, 635
635, 633
633, 638
638, 633
634, 635
635, 634
635, 639
639, 635
636, 637
637, 636
637, 642
642, 637
638, 639
639, 638
638, 640
640, 638
639, 643
643, 639
640, 641
641, 640
642, 644
644, 642
643, 645
645, 643
646, 651
651, 646
647, 651
651, 647
647, 652
652, 647
647, 654
654, 647
648, 650
650, 648
649, 650
650, 649
649, 651
651, 649
649, 654
654, 649
650, 653
653, 650
650, 655
655, 650
651, 653
653, 651
652, 655
655, 652
654, 655
655, 654
654, 656
656, 654
655, 657
657, 655
656, 657
657, 656
656, 658
658, 656
657, 659
659, 657
658, 660
660, 658
661, 667
667, 661
662, 666
666, 662
663, 665
665, 663
663, 666
666, 663
664, 666
666, 664
665, 669
669, 665
666, 668
668, 666
667, 670
670, 667
668, 671
671, 668
669, 671
671, 669
670, 672
672, 670
671, 675
675, 671
672, 673
673, 672
672, 674
674, 672
676, 680
680, 676
677, 680
680, 677
677, 681
681, 677
678, 680
680, 678
679, 680
680, 679
679, 681
681, 679
679, 682
682, 679
681, 684
684, 681
682, 683
683, 682
683, 686
686, 683
684, 685
685, 684
685, 687
687, 685
685, 688
688, 685
686, 687
687, 686
686, 689
689, 686
688, 690
690, 688
689, 690
690, 689
691, 695
695, 691
692, 696
696, 692
693, 694
694, 693
693, 695
695, 693
694, 698
698, 694
695, 697
697, 695
696, 698
698, 696
697, 701
701, 697
698, 699
699, 698
698, 701
701, 698
699, 700
700, 699
699, 702
702, 699
700, 703
703, 700
701, 702
702, 701
702, 704
704, 702
702, 705
705, 702
706, 710
710, 706
706, 712
712, 706
707, 712
712, 707
708, 711
711, 708
709, 711
711, 709
710, 716
716, 710
711, 714
714, 711
712, 713
713, 712
712, 715
715, 712
713, 719
719, 713
713, 720
720, 713
714, 717
717, 714
715, 717
717, 715
715, 719
719, 715
716, 718
718, 716
721, 725
725, 721
722, 724
724, 722
722, 726
726, 722
722, 734
734, 722
723, 724
724, 723
724, 727
727, 724
725, 728
728, 725
726, 728
728, 726
726, 729
729, 726
727, 731
731, 727
728, 730
730, 728
729, 730
730, 729
729, 732
732, 729
730, 735
735, 730
731, 733
733, 731
732, 733
733, 732
732, 735
735, 732
736, 740
740, 736
737, 740
740, 737
738, 740
740, 738
738, 741
741, 738
739, 742
742, 739
741, 743
743, 741
742, 744
744, 742
742, 745
745, 742
743, 746
746, 743
743, 747
747, 743
743, 748
748, 743
743, 749
749, 743
744, 746
746, 744
745, 746
746, 745
745, 748
748, 745
747, 750
750, 747
749, 750
750, 749
